28
0.298700
-0.013050
0.014500
0.145000
0.651050
0.014500
0.004350
0.651050
0.014500
0.320450
0.250850
0.014500
0.629300
0.651050
0.014500
0.491550
0.651050
0.014500
0.342200
-0.013050
0.014500
0.145000
0.651050
-0.014500
0.298700
-0.013050
-0.014500
0.004350
0.651050
-0.014500
0.320450
0.250850
-0.014500
0.629300
0.651050
-0.014500
0.491550
0.651050
-0.014500
0.342200
-0.013050
-0.014500
0.145000
0.651050
0.014500
0.320450
0.250850
0.014500
0.320450
0.250850
-0.014500
0.145000
0.651050
-0.014500
0.491550
0.651050
0.014500
0.491550
0.651050
-0.014500
0.629300
0.651050
0.014500
0.629300
0.651050
-0.014500
0.342200
-0.013050
0.014500
0.342200
-0.013050
-0.014500
0.298700
-0.013050
0.014500
0.298700
-0.013050
-0.014500
0.004350
0.651050
0.014500
0.004350
0.651050
-0.014500
