228
-0.815516
0.000000
-0.578692
-0.952818
0.000000
-0.303446
-0.880306
0.364635
-0.303415
-0.753441
0.312082
-0.578692
-0.600269
0.000000
-0.799768
-0.554552
0.229713
-0.799768
-0.326456
0.000000
-0.945189
-0.301614
0.124943
-0.945189
-0.996948
0.000000
-0.077700
-0.921079
0.381512
-0.077670
-0.673757
0.673757
-0.303415
-0.576647
0.576647
-0.578692
-0.424451
0.424451
-0.799768
-0.230842
0.230842
-0.945189
-0.704947
0.704947
-0.077670
-0.364635
0.880306
-0.303415
-0.312082
0.753441
-0.578692
-0.229713
0.554552
-0.799768
-0.124943
0.301614
-0.945189
-0.381512
0.921079
-0.077670
0.000000
0.996948
-0.077700
0.000000
0.952818
-0.303446
0.000000
0.815516
-0.578692
0.000000
0.600269
-0.799768
0.000000
0.326456
-0.945189
0.000000
0.326456
-0.945189
0.000000
0.600269
-0.799768
0.229713
0.554552
-0.799768
0.124943
0.301614
-0.945189
0.000000
0.952818
-0.303446
0.000000
0.996948
-0.077700
0.381512
0.921079
-0.077670
0.364635
0.880306
-0.303415
0.000000
0.815516
-0.578692
0.312082
0.753441
-0.578692
0.576647
0.576647
-0.578692
0.424451
0.424451
-0.799768
0.230842
0.230842
-0.945189
0.704947
0.704947
-0.077670
0.673757
0.673757
-0.303415
0.753441
0.312082
-0.578692
0.554552
0.229713
-0.799768
0.301614
0.124943
-0.945189
0.921079
0.381512
-0.077670
0.880306
0.364635
-0.303415
0.952818
0.000000
-0.303446
0.815516
0.000000
-0.578692
0.600269
0.000000
-0.799768
0.326456
0.000000
-0.945189
0.996948
0.000000
-0.077700
0.815516
0.000000
-0.578692
0.952818
0.000000
-0.303446
0.880306
-0.364635
-0.303415
0.753441
-0.312082
-0.578692
0.600269
0.000000
-0.799768
0.554552
-0.229713
-0.799768
0.326456
0.000000
-0.945189
0.301614
-0.124943
-0.945189
0.996948
0.000000
-0.077700
0.921079
-0.381512
-0.077670
0.424451
-0.424451
-0.799768
0.230842
-0.230842
-0.945189
0.704947
-0.704947
-0.077670
0.673757
-0.673757
-0.303415
0.576647
-0.576647
-0.578692
0.229713
-0.554552
-0.799768
0.124943
-0.301614
-0.945189
0.381512
-0.921079
-0.077670
0.364635
-0.880306
-0.303415
0.312082
-0.753441
-0.578692
0.000000
-0.815516
-0.578692
0.000000
-0.600269
-0.799768
0.000000
-0.326456
-0.945189
0.000000
-0.996948
-0.077700
0.000000
-0.952818
-0.303446
0.000000
-0.600269
-0.799768
0.000000
-0.815516
-0.578692
-0.312082
-0.753441
-0.578692
-0.229713
-0.554552
-0.799768
0.000000
-0.326456
-0.945189
-0.124943
-0.301614
-0.945189
0.000000
-0.952818
-0.303446
0.000000
-0.996948
-0.077700
-0.381512
-0.921079
-0.077670
-0.364635
-0.880306
-0.303415
-0.673757
-0.673757
-0.303415
-0.576647
-0.576647
-0.578692
-0.424451
-0.424451
-0.799768
-0.230842
-0.230842
-0.945189
-0.704947
-0.704947
-0.077670
-0.921079
-0.381512
-0.077670
-0.880306
-0.364635
-0.303415
-0.753441
-0.312082
-0.578692
-0.554552
-0.229713
-0.799768
-0.301614
-0.124943
-0.945189
0.000000
0.000000
-1.000000
0.000000
0.000000
-1.000000
0.704947
-0.704947
0.077670
0.381512
-0.921079
0.077670
-0.381512
-0.921079
0.077670
-0.704947
-0.704947
0.077670
-0.996948
0.000000
0.077700
-0.921079
0.381512
0.077670
-0.381512
0.921079
0.077670
0.000000
0.996948
0.077700
0.000000
0.000000
-1.000000
-0.704947
0.704947
0.077670
0.704947
0.704947
0.077670
0.921079
0.381512
0.077670
0.000000
-0.996948
0.077700
0.996948
0.000000
0.077700
0.921079
-0.381512
0.077670
-0.996948
0.000000
-0.077700
-0.921079
-0.381512
0.077670
-0.996948
0.000000
0.077700
0.000000
0.000000
-1.000000
0.381512
0.921079
0.077670
0.000000
0.996948
0.077700
-0.600269
0.000000
-0.799768
-0.326456
0.000000
-0.945189
-0.952818
0.000000
-0.303446
0.000000
-0.996948
0.077700
-0.815516
0.000000
-0.578692
0.996948
0.000000
0.077700
-0.952818
0.000000
0.303446
-0.815516
0.000000
0.578692
-0.753441
0.312082
0.578692
-0.880306
0.364635
0.303415
-0.996948
0.000000
0.077700
-0.921079
0.381512
0.077670
-0.600269
0.000000
0.799768
-0.326456
0.000000
0.945189
-0.301614
0.124943
0.945189
-0.554552
0.229713
0.799768
-0.576647
0.576647
0.578692
-0.673757
0.673757
0.303415
-0.704947
0.704947
0.077670
-0.230842
0.230842
0.945189
-0.424451
0.424451
0.799768
-0.229713
0.554552
0.799768
-0.312082
0.753441
0.578692
-0.364635
0.880306
0.303415
-0.381512
0.921079
0.077670
-0.124943
0.301614
0.945189
0.000000
0.600269
0.799768
0.000000
0.815516
0.578692
0.000000
0.952818
0.303446
0.000000
0.996948
0.077700
0.000000
0.326456
0.945189
0.000000
0.600269
0.799768
0.000000
0.326456
0.945189
0.124943
0.301614
0.945189
0.229713
0.554552
0.799768
0.000000
0.815516
0.578692
0.312082
0.753441
0.578692
0.000000
0.952818
0.303446
0.364635
0.880306
0.303415
0.000000
0.996948
0.077700
0.381512
0.921079
0.077670
0.673757
0.673757
0.303415
0.704947
0.704947
0.077670
0.230842
0.230842
0.945189
0.424451
0.424451
0.799768
0.576647
0.576647
0.578692
0.753441
0.312082
0.578692
0.880306
0.364635
0.303415
0.921079
0.381512
0.077670
0.301614
0.124943
0.945189
0.554552
0.229713
0.799768
0.815516
0.000000
0.578692
0.952818
0.000000
0.303446
0.996948
0.000000
0.077700
0.326456
0.000000
0.945189
0.600269
0.000000
0.799768
0.815516
0.000000
0.578692
0.600269
0.000000
0.799768
0.554552
-0.229713
0.799768
0.753441
-0.312082
0.578692
0.952818
0.000000
0.303446
0.880306
-0.364635
0.303415
0.996948
0.000000
0.077700
0.921079
-0.381512
0.077670
0.326456
0.000000
0.945189
0.301614
-0.124943
0.945189
0.424451
-0.424451
0.799768
0.576647
-0.576647
0.578692
0.673757
-0.673757
0.303415
0.704947
-0.704947
0.077670
0.230842
-0.230842
0.945189
0.364635
-0.880306
0.303415
0.381512
-0.921079
0.077670
0.124943
-0.301614
0.945189
0.229713
-0.554552
0.799768
0.312082
-0.753441
0.578692
0.000000
-0.952818
0.303446
0.000000
-0.996948
0.077700
0.000000
-0.326456
0.945189
0.000000
-0.600269
0.799768
0.000000
-0.815516
0.578692
0.000000
-0.952818
0.303446
0.000000
-0.815516
0.578692
-0.312082
-0.753441
0.578692
-0.364635
-0.880306
0.303415
0.000000
-0.996948
0.077700
-0.381512
-0.921079
0.077670
0.000000
-0.600269
0.799768
0.000000
-0.326456
0.945189
-0.124943
-0.301614
0.945189
-0.229713
-0.554552
0.799768
-0.576647
-0.576647
0.578692
-0.673757
-0.673757
0.303415
-0.704947
-0.704947
0.077670
-0.230842
-0.230842
0.945189
-0.424451
-0.424451
0.799768
-0.554552
-0.229713
0.799768
-0.753441
-0.312082
0.578692
-0.880306
-0.364635
0.303415
-0.921079
-0.381512
0.077670
-0.301614
-0.124943
0.945189
0.000000
0.000000
1.000000
0.000000
0.000000
1.000000
0.000000
0.000000
1.000000
0.000000
0.000000
1.000000
-0.326456
0.000000
0.945189
-0.600269
0.000000
0.799768
-0.815516
0.000000
0.578692
-0.952818
0.000000
0.303446
-0.996948
0.000000
0.077700
