3
60
0
1
2
0
3
1
3
4
1
4
5
1
0
6
3
7
5
4
0
7
6
0
5
7
0
8
5
0
9
8
10
9
0
11
9
10
12
13
11
13
9
11
12
14
13
15
16
17
18
16
15
19
18
15
20
19
15
21
16
18
20
22
19
22
16
21
20
16
22
23
16
20
24
16
23
24
25
16
24
26
25
27
28
26
24
27
26
29
28
27
30
31
32
30
32
33
31
34
35
31
35
32
34
36
37
34
37
35
36
38
39
36
39
37
38
40
41
38
41
39
40
42
43
40
43
41
42
44
45
42
45
43
44
46
47
44
47
45
46
48
49
46
49
47
48
50
51
48
51
49
50
30
33
50
33
51
52
53
54
52
54
55
53
56
57
53
57
54
56
58
59
56
59
57
58
52
55
58
55
59
