60
0.015950
0.390050
0.014500
0.577100
1.001950
0.014500
0.516200
1.001950
0.014500
0.432100
0.733700
0.014500
0.435000
0.733700
0.014500
0.577100
0.452400
0.014500
0.205900
0.452400
0.014500
0.435000
0.452400
0.014500
0.682950
0.452400
0.014500
0.682950
0.324800
0.014500
0.015950
0.324800
0.014500
0.435000
0.324800
0.014500
0.435000
0.000000
0.014500
0.577100
0.324800
0.014500
0.577100
0.000000
0.014500
0.577100
1.001950
-0.014500
0.015950
0.390050
-0.014500
0.516200
1.001950
-0.014500
0.432100
0.733700
-0.014500
0.435000
0.733700
-0.014500
0.577100
0.452400
-0.014500
0.205900
0.452400
-0.014500
0.435000
0.452400
-0.014500
0.682950
0.452400
-0.014500
0.682950
0.324800
-0.014500
0.015950
0.324800
-0.014500
0.435000
0.324800
-0.014500
0.577100
0.324800
-0.014500
0.435000
0.000000
-0.014500
0.577100
0.000000
-0.014500
0.682950
0.452400
0.014500
0.682950
0.324800
0.014500
0.682950
0.324800
-0.014500
0.682950
0.452400
-0.014500
0.577100
0.324800
0.014500
0.577100
0.324800
-0.014500
0.577100
0.000000
0.014500
0.577100
0.000000
-0.014500
0.435000
0.000000
0.014500
0.435000
0.000000
-0.014500
0.435000
0.324800
0.014500
0.435000
0.324800
-0.014500
0.015950
0.324800
0.014500
0.015950
0.324800
-0.014500
0.015950
0.390050
0.014500
0.015950
0.390050
-0.014500
0.516200
1.001950
0.014500
0.516200
1.001950
-0.014500
0.577100
1.001950
0.014500
0.577100
1.001950
-0.014500
0.577100
0.452400
0.014500
0.577100
0.452400
-0.014500
0.435000
0.452400
0.014500
0.435000
0.733700
0.014500
0.435000
0.733700
-0.014500
0.435000
0.452400
-0.014500
0.432100
0.733700
0.014500
0.432100
0.733700
-0.014500
0.205900
0.452400
0.014500
0.205900
0.452400
-0.014500
