168
0.434675
0.976616
0.014500
0.673218
0.998934
0.014500
0.611900
1.001950
0.014500
0.736345
0.989654
0.014500
0.802743
0.973762
0.014500
0.285082
0.905067
0.014500
0.873874
0.950910
0.014500
0.951200
0.920750
0.014500
0.678182
0.867564
0.014500
0.744801
0.855674
0.014500
0.811629
0.835432
0.014500
0.879988
0.806490
0.014500
0.951200
0.768500
0.014500
0.169870
0.793985
0.014500
0.482572
0.852971
0.014500
0.610450
0.871450
0.014500
0.373903
0.800876
0.014500
0.289733
0.720174
0.014500
0.095793
0.650052
0.014500
0.235352
0.615879
0.014500
0.069600
0.479950
0.014500
0.216050
0.493000
0.014500
0.234842
0.368752
0.014500
0.089459
0.349056
0.014500
0.288434
0.264967
0.014500
0.150522
0.216839
0.014500
0.372650
0.185751
0.014500
0.893305
0.189648
0.014500
0.961350
0.073950
0.014500
0.961350
0.229100
0.014500
0.255014
0.100769
0.014500
0.823797
0.158479
0.014500
0.483314
0.135210
0.014500
0.753803
0.135871
0.014500
0.684296
0.122102
0.014500
0.616250
0.117450
0.014500
0.405165
0.018316
0.014500
0.901691
0.045414
0.014500
0.837996
0.021402
0.014500
0.768314
0.002958
0.014500
0.603200
-0.013050
0.014500
0.690699
-0.008874
0.014500
0.673218
0.998934
-0.014500
0.434675
0.976616
-0.014500
0.611900
1.001950
-0.014500
0.736345
0.989654
-0.014500
0.802743
0.973762
-0.014500
0.285082
0.905067
-0.014500
0.873874
0.950910
-0.014500
0.951200
0.920750
-0.014500
0.678182
0.867564
-0.014500
0.744801
0.855674
-0.014500
0.811629
0.835432
-0.014500
0.879988
0.806490
-0.014500
0.951200
0.768500
-0.014500
0.482572
0.852971
-0.014500
0.169870
0.793985
-0.014500
0.610450
0.871450
-0.014500
0.373903
0.800876
-0.014500
0.289733
0.720174
-0.014500
0.095793
0.650052
-0.014500
0.235352
0.615879
-0.014500
0.069600
0.479950
-0.014500
0.216050
0.493000
-0.014500
0.234842
0.368752
-0.014500
0.089459
0.349056
-0.014500
0.288434
0.264967
-0.014500
0.150522
0.216839
-0.014500
0.372650
0.185751
-0.014500
0.961350
0.073950
-0.014500
0.893305
0.189648
-0.014500
0.961350
0.229100
-0.014500
0.255014
0.100769
-0.014500
0.823797
0.158479
-0.014500
0.483314
0.135210
-0.014500
0.753803
0.135871
-0.014500
0.684296
0.122102
-0.014500
0.616250
0.117450
-0.014500
0.405165
0.018316
-0.014500
0.901691
0.045414
-0.014500
0.837996
0.021402
-0.014500
0.768314
0.002958
-0.014500
0.603200
-0.013050
-0.014500
0.690699
-0.008874
-0.014500
0.879988
0.806490
0.014500
0.811629
0.835432
0.014500
0.811629
0.835432
-0.014500
0.879988
0.806490
-0.014500
0.744801
0.855674
0.014500
0.744801
0.855674
-0.014500
0.678182
0.867564
0.014500
0.678182
0.867564
-0.014500
0.610450
0.871450
0.014500
0.610450
0.871450
-0.014500
0.482572
0.852971
0.014500
0.482572
0.852971
-0.014500
0.373903
0.800876
0.014500
0.373903
0.800876
-0.014500
0.289733
0.720174
0.014500
0.289733
0.720174
-0.014500
0.235352
0.615879
0.014500
0.235352
0.615879
-0.014500
0.216050
0.493000
0.014500
0.216050
0.493000
-0.014500
0.234842
0.368752
0.014500
0.234842
0.368752
-0.014500
0.288434
0.264967
0.014500
0.288434
0.264967
-0.014500
0.372650
0.185751
0.014500
0.372650
0.185751
-0.014500
0.483314
0.135210
0.014500
0.483314
0.135210
-0.014500
0.616250
0.117450
0.014500
0.616250
0.117450
-0.014500
0.684296
0.122102
0.014500
0.684296
0.122102
-0.014500
0.753803
0.135871
0.014500
0.753803
0.135871
-0.014500
0.823797
0.158479
0.014500
0.823797
0.158479
-0.014500
0.893305
0.189648
0.014500
0.893305
0.189648
-0.014500
0.961350
0.229100
0.014500
0.961350
0.229100
-0.014500
0.961350
0.073950
0.014500
0.961350
0.073950
-0.014500
0.901691
0.045414
0.014500
0.901691
0.045414
-0.014500
0.837996
0.021402
0.014500
0.837996
0.021402
-0.014500
0.768314
0.002958
0.014500
0.768314
0.002958
-0.014500
0.690699
-0.008874
0.014500
0.690699
-0.008874
-0.014500
0.603200
-0.013050
0.014500
0.603200
-0.013050
-0.014500
0.405165
0.018316
0.014500
0.405165
0.018316
-0.014500
0.255014
0.100769
0.014500
0.255014
0.100769
-0.014500
0.150522
0.216839
0.014500
0.150522
0.216839
-0.014500
0.089459
0.349056
0.014500
0.089459
0.349056
-0.014500
0.069600
0.479950
0.014500
0.069600
0.479950
-0.014500
0.095793
0.650052
0.014500
0.095793
0.650052
-0.014500
0.169870
0.793985
0.014500
0.169870
0.793985
-0.014500
0.285082
0.905067
0.014500
0.285082
0.905067
-0.014500
0.434675
0.976616
0.014500
0.434675
0.976616
-0.014500
0.611900
1.001950
0.014500
0.611900
1.001950
-0.014500
0.673218
0.998934
0.014500
0.673218
0.998934
-0.014500
0.736345
0.989654
0.014500
0.736345
0.989654
-0.014500
0.802743
0.973762
0.014500
0.802743
0.973762
-0.014500
0.873874
0.950910
0.014500
0.873874
0.950910
-0.014500
0.951200
0.920750
0.014500
0.951200
0.920750
-0.014500
0.951200
0.768500
0.014500
0.951200
0.768500
-0.014500
