3
204
0
1
2
1
3
2
1
4
3
1
5
4
1
6
5
1
7
6
7
8
6
8
9
6
0
10
1
11
9
8
12
9
11
12
13
9
14
13
12
15
13
14
15
16
13
17
16
15
17
18
16
19
18
17
19
20
18
21
20
19
22
20
21
22
23
20
24
23
22
0
25
10
25
24
10
25
23
24
25
26
23
25
27
26
25
28
27
25
29
28
25
30
29
30
31
29
31
32
29
0
33
25
34
32
31
35
32
34
35
36
32
37
36
35
37
38
36
39
38
37
40
38
39
40
41
38
42
41
40
43
41
42
43
44
41
45
44
43
46
44
45
0
46
33
0
44
46
0
47
44
0
48
47
0
49
48
50
51
52
53
50
52
54
50
53
55
50
54
56
50
55
57
50
56
58
57
56
59
58
56
60
51
50
59
61
58
59
62
61
63
62
59
63
64
62
63
65
64
66
65
63
66
67
65
68
67
66
68
69
67
70
69
68
70
71
69
70
72
71
73
72
70
73
74
72
75
51
60
74
75
60
73
75
74
76
75
73
77
75
76
78
75
77
79
75
78
80
75
79
81
80
79
82
81
79
83
51
75
82
84
81
82
85
84
86
85
82
86
87
85
88
87
86
88
89
87
88
90
89
91
90
88
91
92
90
91
93
92
94
93
91
94
95
93
94
96
95
96
51
83
94
51
96
97
51
94
98
51
97
99
51
98
100
101
102
100
102
103
101
104
105
101
105
102
104
106
107
104
107
105
106
108
109
106
109
107
108
110
111
108
111
109
110
112
113
110
113
111
112
114
115
112
115
113
114
116
117
114
117
115
116
118
119
116
119
117
118
120
121
118
121
119
120
122
123
120
123
121
122
124
125
122
125
123
124
126
127
124
127
125
126
128
129
126
129
127
128
130
131
128
131
129
130
132
133
130
133
131
132
134
135
132
135
133
134
136
137
134
137
135
136
138
139
136
139
137
138
140
141
138
141
139
140
142
143
140
143
141
142
144
145
142
145
143
144
146
147
144
147
145
146
100
103
146
103
147
148
149
150
148
150
151
149
152
153
149
153
150
152
154
155
152
155
153
154
156
157
154
157
155
156
158
159
156
159
157
158
160
161
158
161
159
160
162
163
160
163
161
162
164
165
162
165
163
164
166
167
164
167
165
166
168
169
166
169
167
168
170
171
168
171
169
170
172
173
170
173
171
172
148
151
172
151
173
174
175
176
174
176
177
175
178
179
175
179
176
178
180
181
178
181
179
180
182
183
180
183
181
182
184
185
182
185
183
184
186
187
184
187
185
186
188
189
186
189
187
188
190
191
188
191
189
190
192
193
190
193
191
192
194
195
192
195
193
194
196
197
194
197
195
196
198
199
196
199
197
198
174
177
198
177
199
