200
0.108750
0.000000
0.014500
0.250850
0.861300
0.014500
0.108750
0.988900
0.014500
0.395850
0.988900
0.014500
0.509368
0.974632
0.014500
0.595115
0.936004
0.014500
0.654553
0.879280
0.014500
0.381350
0.861300
0.014500
0.449407
0.854073
0.014500
0.689144
0.810724
0.014500
0.250850
0.565500
0.014500
0.498464
0.834110
0.014500
0.530746
0.803984
0.014500
0.700350
0.736600
0.014500
0.548483
0.766273
0.014500
0.553900
0.723550
0.014500
0.694550
0.679087
0.014500
0.545687
0.666466
0.014500
0.676918
0.629718
0.014500
0.520910
0.622189
0.014500
0.647106
0.587934
0.014500
0.479358
0.590649
0.014500
0.420825
0.571776
0.014500
0.604766
0.553181
0.014500
0.345100
0.565500
0.014500
0.250850
0.437900
0.014500
0.549550
0.524900
0.014500
0.549550
0.522000
0.014500
0.631075
0.497385
0.014500
0.697148
0.457666
0.014500
0.421950
0.437900
0.014500
0.502071
0.430546
0.014500
0.746240
0.404446
0.014500
0.250850
0.127600
0.014500
0.563540
0.409689
0.014500
0.606842
0.377139
0.014500
0.776817
0.339323
0.014500
0.632467
0.334706
0.014500
0.787350
0.263900
0.014500
0.640900
0.284200
0.014500
0.634891
0.239517
0.014500
0.775866
0.189683
0.014500
0.614406
0.197130
0.014500
0.575754
0.161426
0.014500
0.739326
0.118390
0.014500
0.515249
0.136787
0.014500
0.429200
0.127600
0.014500
0.674598
0.057814
0.014500
0.578550
0.015753
0.014500
0.448050
0.000000
0.014500
0.250850
0.861300
-0.014500
0.108750
0.000000
-0.014500
0.108750
0.988900
-0.014500
0.395850
0.988900
-0.014500
0.509368
0.974632
-0.014500
0.595115
0.936004
-0.014500
0.654553
0.879280
-0.014500
0.381350
0.861300
-0.014500
0.449407
0.854073
-0.014500
0.689144
0.810724
-0.014500
0.250850
0.565500
-0.014500
0.498464
0.834110
-0.014500
0.530746
0.803984
-0.014500
0.700350
0.736600
-0.014500
0.548483
0.766273
-0.014500
0.553900
0.723550
-0.014500
0.694550
0.679087
-0.014500
0.545687
0.666466
-0.014500
0.676918
0.629718
-0.014500
0.520910
0.622189
-0.014500
0.647106
0.587934
-0.014500
0.479358
0.590649
-0.014500
0.420825
0.571776
-0.014500
0.604766
0.553181
-0.014500
0.345100
0.565500
-0.014500
0.250850
0.437900
-0.014500
0.549550
0.524900
-0.014500
0.549550
0.522000
-0.014500
0.631075
0.497385
-0.014500
0.697148
0.457666
-0.014500
0.421950
0.437900
-0.014500
0.502071
0.430546
-0.014500
0.746240
0.404446
-0.014500
0.250850
0.127600
-0.014500
0.563540
0.409689
-0.014500
0.606842
0.377139
-0.014500
0.776817
0.339323
-0.014500
0.632467
0.334706
-0.014500
0.787350
0.263900
-0.014500
0.640900
0.284200
-0.014500
0.634891
0.239517
-0.014500
0.775866
0.189683
-0.014500
0.614406
0.197130
-0.014500
0.575754
0.161426
-0.014500
0.739326
0.118390
-0.014500
0.515249
0.136787
-0.014500
0.429200
0.127600
-0.014500
0.674598
0.057814
-0.014500
0.578550
0.015753
-0.014500
0.448050
0.000000
-0.014500
0.395850
0.988900
0.014500
0.509368
0.974632
0.014500
0.509368
0.974632
-0.014500
0.395850
0.988900
-0.014500
0.595115
0.936004
0.014500
0.595115
0.936004
-0.014500
0.654553
0.879280
0.014500
0.654553
0.879280
-0.014500
0.689144
0.810724
0.014500
0.689144
0.810724
-0.014500
0.700350
0.736600
0.014500
0.700350
0.736600
-0.014500
0.694550
0.679087
0.014500
0.694550
0.679087
-0.014500
0.676918
0.629718
0.014500
0.676918
0.629718
-0.014500
0.647106
0.587934
0.014500
0.647106
0.587934
-0.014500
0.604766
0.553181
0.014500
0.604766
0.553181
-0.014500
0.549550
0.524900
0.014500
0.549550
0.524900
-0.014500
0.549550
0.522000
0.014500
0.549550
0.522000
-0.014500
0.631075
0.497385
0.014500
0.631075
0.497385
-0.014500
0.697148
0.457666
0.014500
0.697148
0.457666
-0.014500
0.746240
0.404446
0.014500
0.746240
0.404446
-0.014500
0.776817
0.339323
0.014500
0.776817
0.339323
-0.014500
0.787350
0.263900
0.014500
0.787350
0.263900
-0.014500
0.775866
0.189683
0.014500
0.775866
0.189683
-0.014500
0.739326
0.118390
0.014500
0.739326
0.118390
-0.014500
0.674598
0.057814
0.014500
0.674598
0.057814
-0.014500
0.578550
0.015753
0.014500
0.578550
0.015753
-0.014500
0.448050
0.000000
0.014500
0.448050
0.000000
-0.014500
0.108750
0.000000
0.014500
0.108750
0.000000
-0.014500
0.108750
0.988900
0.014500
0.108750
0.988900
-0.014500
0.345100
0.565500
0.014500
0.420825
0.571776
0.014500
0.420825
0.571776
-0.014500
0.345100
0.565500
-0.014500
0.479358
0.590649
0.014500
0.479358
0.590649
-0.014500
0.520910
0.622189
0.014500
0.520910
0.622189
-0.014500
0.545687
0.666466
0.014500
0.545687
0.666466
-0.014500
0.553900
0.723550
0.014500
0.553900
0.723550
-0.014500
0.548483
0.766273
0.014500
0.548483
0.766273
-0.014500
0.530746
0.803984
0.014500
0.530746
0.803984
-0.014500
0.498464
0.834110
0.014500
0.498464
0.834110
-0.014500
0.449407
0.854073
0.014500
0.449407
0.854073
-0.014500
0.381350
0.861300
0.014500
0.381350
0.861300
-0.014500
0.250850
0.861300
0.014500
0.250850
0.861300
-0.014500
0.250850
0.565500
0.014500
0.250850
0.565500
-0.014500
0.429200
0.127600
0.014500
0.515249
0.136787
0.014500
0.515249
0.136787
-0.014500
0.429200
0.127600
-0.014500
0.575754
0.161426
0.014500
0.575754
0.161426
-0.014500
0.614406
0.197130
0.014500
0.614406
0.197130
-0.014500
0.634891
0.239517
0.014500
0.634891
0.239517
-0.014500
0.640900
0.284200
0.014500
0.640900
0.284200
-0.014500
0.632467
0.334706
0.014500
0.632467
0.334706
-0.014500
0.606842
0.377139
0.014500
0.606842
0.377139
-0.014500
0.563540
0.409689
0.014500
0.563540
0.409689
-0.014500
0.502071
0.430546
0.014500
0.502071
0.430546
-0.014500
0.421950
0.437900
0.014500
0.421950
0.437900
-0.014500
0.250850
0.437900
0.014500
0.250850
0.437900
-0.014500
0.250850
0.127600
0.014500
0.250850
0.127600
-0.014500
