28
0.079750
0.739500
0.014500
0.767050
0.572750
0.014500
0.079750
0.865650
0.014500
0.624950
0.513300
0.014500
0.767050
0.453850
0.014500
0.079750
0.287100
0.014500
0.079750
0.160950
0.014500
0.767050
0.572750
-0.014500
0.079750
0.739500
-0.014500
0.079750
0.865650
-0.014500
0.624950
0.513300
-0.014500
0.767050
0.453850
-0.014500
0.079750
0.287100
-0.014500
0.079750
0.160950
-0.014500
0.079750
0.287100
0.014500
0.624950
0.513300
0.014500
0.624950
0.513300
-0.014500
0.079750
0.287100
-0.014500
0.079750
0.739500
0.014500
0.079750
0.739500
-0.014500
0.079750
0.865650
0.014500
0.079750
0.865650
-0.014500
0.767050
0.572750
0.014500
0.767050
0.572750
-0.014500
0.767050
0.453850
0.014500
0.767050
0.453850
-0.014500
0.079750
0.160950
0.014500
0.079750
0.160950
-0.014500
