3
112
0
1
2
1
3
2
1
4
3
1
5
4
1
6
5
1
7
6
7
8
6
8
9
6
0
10
1
11
9
8
12
9
11
13
9
12
13
14
9
15
14
13
16
14
15
16
17
14
18
17
16
18
19
17
20
19
18
21
19
20
22
19
21
0
23
10
23
22
10
23
19
22
23
24
19
23
25
24
23
26
25
0
27
23
28
29
30
31
28
30
32
28
31
33
28
32
34
28
33
35
28
34
36
35
34
37
36
34
38
29
28
37
39
36
37
40
39
37
41
40
42
41
37
42
43
41
42
44
43
45
44
42
45
46
44
47
46
45
47
48
46
47
49
48
47
50
49
51
29
38
50
51
38
47
51
50
52
51
47
53
51
52
54
51
53
55
29
51
56
57
58
56
58
59
57
60
61
57
61
58
60
62
63
60
63
61
62
64
65
62
65
63
64
66
67
64
67
65
66
68
69
66
69
67
68
70
71
68
71
69
70
72
73
70
73
71
72
74
75
72
75
73
74
76
77
74
77
75
76
78
79
76
79
77
78
80
81
78
81
79
80
82
83
80
83
81
82
84
85
82
85
83
84
56
59
84
59
85
86
87
88
86
88
89
87
90
91
87
91
88
90
92
93
90
93
91
92
94
95
92
95
93
94
96
97
94
97
95
96
98
99
96
99
97
98
100
101
98
101
99
100
102
103
100
103
101
102
104
105
102
105
103
104
106
107
104
107
105
106
108
109
106
109
107
108
110
111
108
111
109
110
86
89
110
89
111
