112
0.101500
0.000000
0.014500
0.243600
0.861300
0.014500
0.101500
0.988900
0.014500
0.410350
0.988900
0.014500
0.526037
0.974377
0.014500
0.614440
0.933963
0.014500
0.676466
0.872390
0.014500
0.410350
0.861300
0.014500
0.477398
0.852577
0.014500
0.713017
0.794391
0.014500
0.243600
0.555350
0.014500
0.525306
0.829098
0.014500
0.556510
0.794902
0.014500
0.573446
0.754023
0.014500
0.725000
0.704700
0.014500
0.578550
0.710500
0.014500
0.570616
0.656502
0.014500
0.712310
0.616320
0.014500
0.547787
0.613292
0.014500
0.673589
0.540189
0.014500
0.511525
0.581566
0.014500
0.463292
0.562020
0.014500
0.404550
0.555350
0.014500
0.243600
0.427750
0.014500
0.607863
0.480553
0.014500
0.514158
0.441658
0.014500
0.391500
0.427750
0.014500
0.243600
0.000000
0.014500
0.243600
0.861300
-0.014500
0.101500
0.000000
-0.014500
0.101500
0.988900
-0.014500
0.410350
0.988900
-0.014500
0.526037
0.974377
-0.014500
0.614440
0.933963
-0.014500
0.676466
0.872390
-0.014500
0.410350
0.861300
-0.014500
0.477398
0.852577
-0.014500
0.713017
0.794391
-0.014500
0.243600
0.555350
-0.014500
0.525306
0.829098
-0.014500
0.556510
0.794902
-0.014500
0.573446
0.754023
-0.014500
0.725000
0.704700
-0.014500
0.578550
0.710500
-0.014500
0.570616
0.656502
-0.014500
0.712310
0.616320
-0.014500
0.547787
0.613292
-0.014500
0.673589
0.540189
-0.014500
0.511525
0.581566
-0.014500
0.463292
0.562020
-0.014500
0.404550
0.555350
-0.014500
0.243600
0.427750
-0.014500
0.607863
0.480553
-0.014500
0.514158
0.441658
-0.014500
0.391500
0.427750
-0.014500
0.243600
0.000000
-0.014500
0.526037
0.974377
0.014500
0.614440
0.933963
0.014500
0.614440
0.933963
-0.014500
0.526037
0.974377
-0.014500
0.676466
0.872390
0.014500
0.676466
0.872390
-0.014500
0.713017
0.794391
0.014500
0.713017
0.794391
-0.014500
0.725000
0.704700
0.014500
0.725000
0.704700
-0.014500
0.712310
0.616320
0.014500
0.712310
0.616320
-0.014500
0.673589
0.540189
0.014500
0.673589
0.540189
-0.014500
0.607863
0.480553
0.014500
0.607863
0.480553
-0.014500
0.514158
0.441658
0.014500
0.514158
0.441658
-0.014500
0.391500
0.427750
0.014500
0.391500
0.427750
-0.014500
0.243600
0.427750
0.014500
0.243600
0.427750
-0.014500
0.243600
0.000000
0.014500
0.243600
0.000000
-0.014500
0.101500
0.000000
0.014500
0.101500
0.000000
-0.014500
0.101500
0.988900
0.014500
0.101500
0.988900
-0.014500
0.410350
0.988900
0.014500
0.410350
0.988900
-0.014500
0.404550
0.555350
0.014500
0.463292
0.562020
0.014500
0.463292
0.562020
-0.014500
0.404550
0.555350
-0.014500
0.511525
0.581566
0.014500
0.511525
0.581566
-0.014500
0.547787
0.613292
0.014500
0.547787
0.613292
-0.014500
0.570616
0.656502
0.014500
0.570616
0.656502
-0.014500
0.578550
0.710500
0.014500
0.578550
0.710500
-0.014500
0.573446
0.754023
0.014500
0.573446
0.754023
-0.014500
0.556510
0.794902
0.014500
0.556510
0.794902
-0.014500
0.525306
0.829098
0.014500
0.525306
0.829098
-0.014500
0.477398
0.852577
0.014500
0.477398
0.852577
-0.014500
0.410350
0.861300
0.014500
0.410350
0.861300
-0.014500
0.243600
0.861300
0.014500
0.243600
0.861300
-0.014500
0.243600
0.555350
0.014500
0.243600
0.555350
-0.014500
