24
0.071050
0.854050
0.014500
0.710500
0.988900
0.014500
0.071050
0.988900
0.014500
0.498800
0.854050
0.014500
0.262450
-0.013050
0.014500
0.136300
0.042050
0.014500
0.710500
0.988900
-0.014500
0.071050
0.854050
-0.014500
0.071050
0.988900
-0.014500
0.498800
0.854050
-0.014500
0.262450
-0.013050
-0.014500
0.136300
0.042050
-0.014500
0.136300
0.042050
0.014500
0.498800
0.854050
0.014500
0.498800
0.854050
-0.014500
0.136300
0.042050
-0.014500
0.071050
0.854050
0.014500
0.071050
0.854050
-0.014500
0.071050
0.988900
0.014500
0.071050
0.988900
-0.014500
0.710500
0.988900
0.014500
0.710500
0.988900
-0.014500
0.262450
-0.013050
0.014500
0.262450
-0.013050
-0.014500
