52
0.400200
-0.008700
0.014500
0.142100
0.988900
0.014500
0.000000
0.988900
0.014500
0.414700
0.307400
0.014500
0.823600
0.988900
0.014500
0.688750
0.988900
0.014500
0.755450
0.800400
0.014500
1.099100
0.307400
0.014500
1.509450
0.988900
0.014500
1.368800
0.988900
0.014500
1.107800
-0.008700
0.014500
0.427750
-0.008700
0.014500
1.080250
-0.008700
0.014500
0.142100
0.988900
-0.014500
0.400200
-0.008700
-0.014500
0.000000
0.988900
-0.014500
0.414700
0.307400
-0.014500
0.823600
0.988900
-0.014500
0.688750
0.988900
-0.014500
0.755450
0.800400
-0.014500
1.099100
0.307400
-0.014500
1.509450
0.988900
-0.014500
1.368800
0.988900
-0.014500
1.107800
-0.008700
-0.014500
0.427750
-0.008700
-0.014500
1.080250
-0.008700
-0.014500
1.080250
-0.008700
0.014500
0.755450
0.800400
0.014500
0.755450
0.800400
-0.014500
1.080250
-0.008700
-0.014500
0.427750
-0.008700
0.014500
0.427750
-0.008700
-0.014500
0.400200
-0.008700
0.014500
0.400200
-0.008700
-0.014500
0.000000
0.988900
0.014500
0.000000
0.988900
-0.014500
0.142100
0.988900
0.014500
0.142100
0.988900
-0.014500
0.414700
0.307400
0.014500
0.414700
0.307400
-0.014500
0.688750
0.988900
0.014500
0.688750
0.988900
-0.014500
0.823600
0.988900
0.014500
0.823600
0.988900
-0.014500
1.099100
0.307400
0.014500
1.099100
0.307400
-0.014500
1.368800
0.988900
0.014500
1.368800
0.988900
-0.014500
1.509450
0.988900
0.014500
1.509450
0.988900
-0.014500
1.107800
-0.008700
0.014500
1.107800
-0.008700
-0.014500
