32
0.062350
0.861300
0.014500
0.914950
0.988900
0.014500
0.062350
0.988900
0.014500
0.652500
0.861300
0.014500
0.285650
0.127600
0.014500
0.023200
0.000000
0.014500
0.914950
0.127600
0.014500
0.914950
0.000000
0.014500
0.914950
0.988900
-0.014500
0.062350
0.861300
-0.014500
0.062350
0.988900
-0.014500
0.652500
0.861300
-0.014500
0.285650
0.127600
-0.014500
0.023200
0.000000
-0.014500
0.914950
0.127600
-0.014500
0.914950
0.000000
-0.014500
0.062350
0.988900
0.014500
0.914950
0.988900
0.014500
0.914950
0.988900
-0.014500
0.062350
0.988900
-0.014500
0.285650
0.127600
0.014500
0.285650
0.127600
-0.014500
0.914950
0.127600
0.014500
0.914950
0.127600
-0.014500
0.914950
0.000000
0.014500
0.914950
0.000000
-0.014500
0.023200
0.000000
0.014500
0.023200
0.000000
-0.014500
0.652500
0.861300
0.014500
0.652500
0.861300
-0.014500
0.062350
0.861300
0.014500
0.062350
0.861300
-0.014500
