3
76
0
1
2
0
3
1
4
3
0
4
5
3
6
5
4
6
7
5
8
7
6
9
7
8
10
7
9
11
10
12
11
7
10
11
13
7
11
14
13
11
15
14
16
15
11
17
15
16
18
15
17
19
15
18
20
21
22
23
21
20
23
24
21
25
24
23
25
26
24
27
26
25
27
28
26
27
29
28
27
30
29
30
31
32
27
31
30
33
31
27
34
31
33
35
31
34
35
36
31
35
37
36
35
38
37
35
39
38
40
41
42
40
42
43
41
44
45
41
45
42
44
46
47
44
47
45
46
48
49
46
49
47
48
50
51
48
51
49
50
52
53
50
53
51
52
54
55
52
55
53
54
56
57
54
57
55
56
58
59
56
59
57
58
60
61
58
61
59
60
62
63
60
63
61
62
64
65
62
65
63
64
66
67
64
67
65
66
68
69
66
69
67
68
70
71
68
71
69
70
72
73
70
73
71
72
74
75
72
75
73
74
76
77
74
77
75
76
78
79
76
79
77
78
40
43
78
43
79
