80
0.110200
0.030450
0.014500
0.252300
0.988900
0.014500
0.110200
0.988900
0.014500
0.252300
-0.011600
0.014500
0.107636
-0.052397
0.014500
0.243020
-0.115791
0.014500
0.095955
-0.116592
0.014500
0.213556
-0.204462
0.014500
0.069171
-0.162272
0.014500
0.021298
-0.189579
0.014500
-0.053650
-0.198650
0.014500
-0.063800
-0.330600
0.014500
-0.089900
-0.198650
0.014500
0.161472
-0.273226
0.014500
0.084332
-0.317701
0.014500
-0.020300
-0.333500
0.014500
-0.055378
-0.331458
0.014500
-0.047235
-0.332247
0.014500
-0.038953
-0.332897
0.014500
-0.030114
-0.333338
0.014500
0.252300
0.988900
-0.014500
0.110200
0.030450
-0.014500
0.110200
0.988900
-0.014500
0.252300
-0.011600
-0.014500
0.107636
-0.052397
-0.014500
0.243020
-0.115791
-0.014500
0.095955
-0.116592
-0.014500
0.213556
-0.204462
-0.014500
0.069171
-0.162272
-0.014500
0.021298
-0.189579
-0.014500
-0.053650
-0.198650
-0.014500
-0.063800
-0.330600
-0.014500
-0.089900
-0.198650
-0.014500
0.161472
-0.273226
-0.014500
0.084332
-0.317701
-0.014500
-0.020300
-0.333500
-0.014500
-0.055378
-0.331458
-0.014500
-0.047235
-0.332247
-0.014500
-0.038953
-0.332897
-0.014500
-0.030114
-0.333338
-0.014500
0.243020
-0.115791
0.014500
0.213556
-0.204462
0.014500
0.213556
-0.204462
-0.014500
0.243020
-0.115791
-0.014500
0.161472
-0.273226
0.014500
0.161472
-0.273226
-0.014500
0.084332
-0.317701
0.014500
0.084332
-0.317701
-0.014500
-0.020300
-0.333500
0.014500
-0.020300
-0.333500
-0.014500
-0.030114
-0.333338
0.014500
-0.030114
-0.333338
-0.014500
-0.038953
-0.332897
0.014500
-0.038953
-0.332897
-0.014500
-0.047235
-0.332247
0.014500
-0.047235
-0.332247
-0.014500
-0.055378
-0.331458
0.014500
-0.055378
-0.331458
-0.014500
-0.063800
-0.330600
0.014500
-0.063800
-0.330600
-0.014500
-0.089900
-0.198650
0.014500
-0.089900
-0.198650
-0.014500
-0.053650
-0.198650
0.014500
-0.053650
-0.198650
-0.014500
0.021298
-0.189579
0.014500
0.021298
-0.189579
-0.014500
0.069171
-0.162272
0.014500
0.069171
-0.162272
-0.014500
0.095955
-0.116592
0.014500
0.095955
-0.116592
-0.014500
0.107636
-0.052397
0.014500
0.107636
-0.052397
-0.014500
0.110200
0.030450
0.014500
0.110200
0.030450
-0.014500
0.110200
0.988900
0.014500
0.110200
0.988900
-0.014500
0.252300
0.988900
0.014500
0.252300
0.988900
-0.014500
0.252300
-0.011600
0.014500
0.252300
-0.011600
-0.014500
