228
-0.040451
0.000000
-0.129389
-0.047553
0.000000
-0.115451
-0.043933
0.018198
-0.115451
-0.037372
0.015480
-0.129389
-0.029389
0.000000
-0.140451
-0.027152
0.011247
-0.140451
-0.015451
0.000000
-0.147553
-0.014275
0.005913
-0.147553
-0.050000
0.000000
-0.100000
-0.046194
0.019134
-0.100000
-0.033625
0.033625
-0.115451
-0.028603
0.028603
-0.129389
-0.020781
0.020781
-0.140451
-0.010925
0.010925
-0.147553
-0.035355
0.035355
-0.100000
-0.018198
0.043933
-0.115451
-0.015480
0.037372
-0.129389
-0.011247
0.027152
-0.140451
-0.005913
0.014275
-0.147553
-0.019134
0.046194
-0.100000
0.000000
0.050000
-0.100000
0.000000
0.047553
-0.115451
0.000000
0.040451
-0.129389
0.000000
0.029389
-0.140451
0.000000
0.015451
-0.147553
0.000000
0.015451
-0.147553
0.000000
0.029389
-0.140451
0.011247
0.027152
-0.140451
0.005913
0.014275
-0.147553
0.000000
0.047553
-0.115451
0.000000
0.050000
-0.100000
0.019134
0.046194
-0.100000
0.018198
0.043933
-0.115451
0.000000
0.040451
-0.129389
0.015480
0.037372
-0.129389
0.028603
0.028603
-0.129389
0.020781
0.020781
-0.140451
0.010925
0.010925
-0.147553
0.035355
0.035355
-0.100000
0.033625
0.033625
-0.115451
0.037372
0.015480
-0.129389
0.027152
0.011247
-0.140451
0.014275
0.005913
-0.147553
0.046194
0.019134
-0.100000
0.043933
0.018198
-0.115451
0.047553
0.000000
-0.115451
0.040451
0.000000
-0.129389
0.029389
0.000000
-0.140451
0.015451
0.000000
-0.147553
0.050000
0.000000
-0.100000
0.040451
0.000000
-0.129389
0.047553
0.000000
-0.115451
0.043933
-0.018198
-0.115451
0.037372
-0.015480
-0.129389
0.029389
0.000000
-0.140451
0.027152
-0.011247
-0.140451
0.015451
0.000000
-0.147553
0.014275
-0.005913
-0.147553
0.050000
0.000000
-0.100000
0.046194
-0.019134
-0.100000
0.020781
-0.020781
-0.140451
0.010925
-0.010925
-0.147553
0.035355
-0.035355
-0.100000
0.033625
-0.033625
-0.115451
0.028603
-0.028603
-0.129389
0.011247
-0.027152
-0.140451
0.005913
-0.014275
-0.147553
0.019134
-0.046194
-0.100000
0.018198
-0.043933
-0.115451
0.015480
-0.037372
-0.129389
0.000000
-0.040451
-0.129389
0.000000
-0.029389
-0.140451
0.000000
-0.015451
-0.147553
0.000000
-0.050000
-0.100000
0.000000
-0.047553
-0.115451
0.000000
-0.029389
-0.140451
0.000000
-0.040451
-0.129389
-0.015480
-0.037372
-0.129389
-0.011247
-0.027152
-0.140451
0.000000
-0.015451
-0.147553
-0.005913
-0.014275
-0.147553
0.000000
-0.047553
-0.115451
0.000000
-0.050000
-0.100000
-0.019134
-0.046194
-0.100000
-0.018198
-0.043933
-0.115451
-0.033625
-0.033625
-0.115451
-0.028603
-0.028603
-0.129389
-0.020781
-0.020781
-0.140451
-0.010925
-0.010925
-0.147553
-0.035355
-0.035355
-0.100000
-0.046194
-0.019134
-0.100000
-0.043933
-0.018198
-0.115451
-0.037372
-0.015480
-0.129389
-0.027152
-0.011247
-0.140451
-0.014275
-0.005913
-0.147553
0.000000
0.000000
-0.150000
0.000000
0.000000
-0.150000
0.035355
-0.035355
0.100001
0.019134
-0.046194
0.100001
-0.019134
-0.046194
0.100001
-0.035355
-0.035355
0.100001
-0.050000
0.000000
0.100001
-0.046194
0.019134
0.100001
-0.019134
0.046194
0.100001
0.000000
0.050000
0.100001
0.000000
0.000000
-0.150000
-0.035355
0.035355
0.100001
0.035355
0.035355
0.100001
0.046194
0.019134
0.100001
0.000000
-0.050000
0.100001
0.050000
0.000000
0.100001
0.046194
-0.019134
0.100001
-0.050000
0.000000
-0.100000
-0.046194
-0.019134
0.100001
-0.050000
0.000000
0.100001
0.000000
0.000000
-0.150000
0.019134
0.046194
0.100001
0.000000
0.050000
0.100001
-0.029389
0.000000
-0.140451
-0.015451
0.000000
-0.147553
-0.047553
0.000000
-0.115451
0.000000
-0.050000
0.100001
-0.040451
0.000000
-0.129389
0.050000
0.000000
0.100001
-0.047553
-0.000000
0.115452
-0.040451
-0.000000
0.129390
-0.037372
0.015480
0.129390
-0.043933
0.018198
0.115452
-0.050000
0.000000
0.100001
-0.046194
0.019134
0.100001
-0.029389
-0.000000
0.140452
-0.015451
-0.000000
0.147554
-0.014275
0.005913
0.147554
-0.027152
0.011247
0.140452
-0.028603
0.028603
0.129390
-0.033625
0.033625
0.115452
-0.035355
0.035355
0.100001
-0.010925
0.010925
0.147554
-0.020781
0.020781
0.140452
-0.011247
0.027152
0.140452
-0.015480
0.037372
0.129390
-0.018198
0.043933
0.115452
-0.019134
0.046194
0.100001
-0.005913
0.014275
0.147554
0.000000
0.029389
0.140452
0.000000
0.040451
0.129390
0.000000
0.047553
0.115452
0.000000
0.050000
0.100001
0.000000
0.015451
0.147554
0.000000
0.029389
0.140452
0.000000
0.015451
0.147554
0.005913
0.014275
0.147554
0.011247
0.027152
0.140452
0.000000
0.040451
0.129390
0.015480
0.037372
0.129390
0.000000
0.047553
0.115452
0.018198
0.043933
0.115452
0.000000
0.050000
0.100001
0.019134
0.046194
0.100001
0.033625
0.033625
0.115452
0.035355
0.035355
0.100001
0.010925
0.010925
0.147554
0.020781
0.020781
0.140452
0.028603
0.028603
0.129390
0.037372
0.015480
0.129390
0.043933
0.018198
0.115452
0.046194
0.019134
0.100001
0.014275
0.005913
0.147554
0.027152
0.011247
0.140452
0.040451
-0.000000
0.129390
0.047553
-0.000000
0.115452
0.050000
0.000000
0.100001
0.015451
-0.000000
0.147554
0.029389
-0.000000
0.140452
0.040451
-0.000000
0.129390
0.029389
-0.000000
0.140452
0.027152
-0.011247
0.140452
0.037372
-0.015480
0.129390
0.047553
-0.000000
0.115452
0.043933
-0.018198
0.115452
0.050000
0.000000
0.100001
0.046194
-0.019134
0.100001
0.015451
-0.000000
0.147554
0.014275
-0.005913
0.147554
0.020781
-0.020781
0.140452
0.028603
-0.028603
0.129390
0.033625
-0.033625
0.115452
0.035355
-0.035355
0.100001
0.010925
-0.010925
0.147554
0.018198
-0.043933
0.115452
0.019134
-0.046194
0.100001
0.005913
-0.014275
0.147554
0.011247
-0.027152
0.140452
0.015480
-0.037372
0.129390
0.000000
-0.047553
0.115452
0.000000
-0.050000
0.100001
0.000000
-0.015451
0.147554
0.000000
-0.029389
0.140452
0.000000
-0.040451
0.129390
0.000000
-0.047553
0.115452
0.000000
-0.040451
0.129390
-0.015480
-0.037372
0.129390
-0.018198
-0.043933
0.115452
0.000000
-0.050000
0.100001
-0.019134
-0.046194
0.100001
0.000000
-0.029389
0.140452
0.000000
-0.015451
0.147554
-0.005913
-0.014275
0.147554
-0.011247
-0.027152
0.140452
-0.028603
-0.028603
0.129390
-0.033625
-0.033625
0.115452
-0.035355
-0.035355
0.100001
-0.010925
-0.010925
0.147554
-0.020781
-0.020781
0.140452
-0.027152
-0.011247
0.140452
-0.037372
-0.015480
0.129390
-0.043933
-0.018198
0.115452
-0.046194
-0.019134
0.100001
-0.014275
-0.005913
0.147554
0.000000
-0.000000
0.150001
0.000000
-0.000000
0.150001
0.000000
-0.000000
0.150001
0.000000
-0.000000
0.150001
-0.015451
-0.000000
0.147554
-0.029389
-0.000000
0.140452
-0.040451
-0.000000
0.129390
-0.047553
-0.000000
0.115452
-0.050000
0.000000
0.100001
