112
0.087000
0.246500
0.014500
0.216050
0.651050
0.014500
0.087000
0.651050
0.014500
0.216050
0.237800
0.014500
0.504600
0.185600
0.014500
0.633650
0.651050
0.014500
0.504600
0.651050
0.014500
0.633650
0.000000
0.014500
0.097707
0.156032
0.014500
0.221432
0.187792
0.014500
0.237533
0.147807
0.014500
0.477885
0.153271
0.014500
0.128110
0.083729
0.014500
0.448526
0.127762
0.014500
0.264283
0.118471
0.014500
0.417008
0.109284
0.014500
0.504600
0.082650
0.014500
0.301612
0.100410
0.014500
0.383821
0.098043
0.014500
0.349450
0.094250
0.014500
0.175636
0.030705
0.014500
0.470067
0.050425
0.014500
0.504600
0.000000
0.014500
0.431914
0.023908
0.014500
0.237707
-0.001926
0.014500
0.391744
0.003932
0.014500
0.351155
-0.008665
0.014500
0.311750
-0.013050
0.014500
0.216050
0.651050
-0.014500
0.087000
0.246500
-0.014500
0.087000
0.651050
-0.014500
0.216050
0.237800
-0.014500
0.633650
0.651050
-0.014500
0.504600
0.185600
-0.014500
0.504600
0.651050
-0.014500
0.633650
0.000000
-0.014500
0.097707
0.156032
-0.014500
0.221432
0.187792
-0.014500
0.237533
0.147807
-0.014500
0.477885
0.153271
-0.014500
0.128110
0.083729
-0.014500
0.448526
0.127762
-0.014500
0.264283
0.118471
-0.014500
0.504600
0.082650
-0.014500
0.417008
0.109284
-0.014500
0.301612
0.100410
-0.014500
0.383821
0.098043
-0.014500
0.349450
0.094250
-0.014500
0.175636
0.030705
-0.014500
0.470067
0.050425
-0.014500
0.504600
0.000000
-0.014500
0.431914
0.023908
-0.014500
0.237707
-0.001926
-0.014500
0.391744
0.003932
-0.014500
0.351155
-0.008665
-0.014500
0.311750
-0.013050
-0.014500
0.504600
0.082650
0.014500
0.470067
0.050425
0.014500
0.470067
0.050425
-0.014500
0.504600
0.082650
-0.014500
0.431914
0.023908
0.014500
0.431914
0.023908
-0.014500
0.391744
0.003932
0.014500
0.391744
0.003932
-0.014500
0.351155
-0.008665
0.014500
0.351155
-0.008665
-0.014500
0.311750
-0.013050
0.014500
0.311750
-0.013050
-0.014500
0.237707
-0.001926
0.014500
0.237707
-0.001926
-0.014500
0.175636
0.030705
0.014500
0.175636
0.030705
-0.014500
0.128110
0.083729
0.014500
0.128110
0.083729
-0.014500
0.097707
0.156032
0.014500
0.097707
0.156032
-0.014500
0.087000
0.246500
0.014500
0.087000
0.246500
-0.014500
0.087000
0.651050
0.014500
0.087000
0.651050
-0.014500
0.216050
0.651050
0.014500
0.216050
0.651050
-0.014500
0.216050
0.237800
0.014500
0.216050
0.237800
-0.014500
0.221432
0.187792
0.014500
0.221432
0.187792
-0.014500
0.237533
0.147807
0.014500
0.237533
0.147807
-0.014500
0.264283
0.118471
0.014500
0.264283
0.118471
-0.014500
0.301612
0.100410
0.014500
0.301612
0.100410
-0.014500
0.349450
0.094250
0.014500
0.349450
0.094250
-0.014500
0.383821
0.098043
0.014500
0.383821
0.098043
-0.014500
0.417008
0.109284
0.014500
0.417008
0.109284
-0.014500
0.448526
0.127762
0.014500
0.448526
0.127762
-0.014500
0.477885
0.153271
0.014500
0.477885
0.153271
-0.014500
0.504600
0.185600
0.014500
0.504600
0.185600
-0.014500
0.504600
0.651050
0.014500
0.504600
0.651050
-0.014500
0.633650
0.651050
0.014500
0.633650
0.651050
-0.014500
0.633650
0.000000
0.014500
0.633650
0.000000
-0.014500
0.504600
0.000000
0.014500
0.504600
0.000000
-0.014500
