40
0.089900
0.000000
0.014500
0.218950
0.988900
0.014500
0.089900
0.988900
0.014500
0.218950
0.000000
0.014500
0.224750
0.332050
0.014500
0.667000
0.651050
0.014500
0.513300
0.651050
0.014500
0.388600
0.332050
0.014500
0.551000
0.000000
0.014500
0.725000
0.000000
0.014500
0.218950
0.988900
-0.014500
0.089900
0.000000
-0.014500
0.089900
0.988900
-0.014500
0.218950
0.000000
-0.014500
0.667000
0.651050
-0.014500
0.224750
0.332050
-0.014500
0.513300
0.651050
-0.014500
0.388600
0.332050
-0.014500
0.551000
0.000000
-0.014500
0.725000
0.000000
-0.014500
0.725000
0.000000
0.014500
0.551000
0.000000
0.014500
0.551000
0.000000
-0.014500
0.725000
0.000000
-0.014500
0.224750
0.332050
0.014500
0.224750
0.332050
-0.014500
0.513300
0.651050
0.014500
0.513300
0.651050
-0.014500
0.667000
0.651050
0.014500
0.667000
0.651050
-0.014500
0.388600
0.332050
0.014500
0.388600
0.332050
-0.014500
0.089900
0.000000
0.014500
0.089900
0.988900
0.014500
0.089900
0.988900
-0.014500
0.089900
0.000000
-0.014500
0.218950
0.988900
0.014500
0.218950
0.988900
-0.014500
0.218950
0.000000
0.014500
0.218950
0.000000
-0.014500
