204
0.319928
0.890984
0.014500
0.545200
0.893200
0.014500
0.459650
1.001950
0.014500
0.464128
0.837543
0.014500
0.209438
0.765681
0.014500
0.390085
0.770194
0.014500
0.326273
0.694422
0.014500
0.129224
0.629451
0.014500
0.275894
0.613501
0.014500
0.080330
0.485704
0.014500
0.242150
0.530700
0.014500
0.359867
0.569026
0.014500
0.486794
0.557020
0.014500
0.397300
0.571300
0.014500
0.325774
0.562855
0.014500
0.294884
0.553761
0.014500
0.563064
0.516919
0.014500
0.267055
0.542718
0.014500
0.622282
0.455103
0.014500
0.063800
0.337850
0.014500
0.276219
0.420164
0.014500
0.304825
0.429768
0.014500
0.334614
0.434919
0.014500
0.368300
0.436450
0.014500
0.421532
0.428968
0.014500
0.660620
0.375678
0.014500
0.466691
0.407914
0.014500
0.246082
0.405269
0.014500
0.501619
0.375376
0.014500
0.211700
0.384250
0.014500
0.204230
0.294594
0.014500
0.674250
0.282750
0.014500
0.524158
0.333442
0.014500
0.078741
0.221177
0.014500
0.532150
0.284200
0.014500
0.222929
0.221711
0.014500
0.524761
0.230005
0.014500
0.659112
0.190182
0.014500
0.503660
0.185066
0.014500
0.261603
0.167411
0.014500
0.121382
0.124132
0.014500
0.617178
0.109098
0.014500
0.470450
0.150986
0.014500
0.314058
0.133504
0.014500
0.426729
0.129363
0.014500
0.374100
0.121800
0.014500
0.188454
0.050332
0.014500
0.553668
0.044718
0.014500
0.276683
0.003399
0.014500
0.473802
0.002262
0.014500
0.382800
-0.013050
0.014500
0.545200
0.893200
-0.014500
0.319928
0.890984
-0.014500
0.459650
1.001950
-0.014500
0.464128
0.837543
-0.014500
0.209438
0.765681
-0.014500
0.390085
0.770194
-0.014500
0.326273
0.694422
-0.014500
0.129224
0.629451
-0.014500
0.275894
0.613501
-0.014500
0.080330
0.485704
-0.014500
0.242150
0.530700
-0.014500
0.486794
0.557020
-0.014500
0.359867
0.569026
-0.014500
0.397300
0.571300
-0.014500
0.325774
0.562855
-0.014500
0.294884
0.553761
-0.014500
0.563064
0.516919
-0.014500
0.267055
0.542718
-0.014500
0.622282
0.455103
-0.014500
0.276219
0.420164
-0.014500
0.063800
0.337850
-0.014500
0.304825
0.429768
-0.014500
0.334614
0.434919
-0.014500
0.368300
0.436450
-0.014500
0.421532
0.428968
-0.014500
0.660620
0.375678
-0.014500
0.466691
0.407914
-0.014500
0.246082
0.405269
-0.014500
0.501619
0.375376
-0.014500
0.211700
0.384250
-0.014500
0.204230
0.294594
-0.014500
0.674250
0.282750
-0.014500
0.524158
0.333442
-0.014500
0.078741
0.221177
-0.014500
0.532150
0.284200
-0.014500
0.222929
0.221711
-0.014500
0.524761
0.230005
-0.014500
0.659112
0.190182
-0.014500
0.503660
0.185066
-0.014500
0.261603
0.167411
-0.014500
0.121382
0.124132
-0.014500
0.617178
0.109098
-0.014500
0.470450
0.150986
-0.014500
0.314058
0.133504
-0.014500
0.426729
0.129363
-0.014500
0.374100
0.121800
-0.014500
0.188454
0.050332
-0.014500
0.553668
0.044718
-0.014500
0.276683
0.003399
-0.014500
0.473802
0.002262
-0.014500
0.382800
-0.013050
-0.014500
0.464128
0.837543
0.014500
0.390085
0.770194
0.014500
0.390085
0.770194
-0.014500
0.464128
0.837543
-0.014500
0.326273
0.694422
0.014500
0.326273
0.694422
-0.014500
0.275894
0.613501
0.014500
0.275894
0.613501
-0.014500
0.242150
0.530700
0.014500
0.242150
0.530700
-0.014500
0.267055
0.542718
0.014500
0.267055
0.542718
-0.014500
0.294884
0.553761
0.014500
0.294884
0.553761
-0.014500
0.325774
0.562855
0.014500
0.325774
0.562855
-0.014500
0.359867
0.569026
0.014500
0.359867
0.569026
-0.014500
0.397300
0.571300
0.014500
0.397300
0.571300
-0.014500
0.486794
0.557020
0.014500
0.486794
0.557020
-0.014500
0.563064
0.516919
0.014500
0.563064
0.516919
-0.014500
0.622282
0.455103
0.014500
0.622282
0.455103
-0.014500
0.660620
0.375678
0.014500
0.660620
0.375678
-0.014500
0.674250
0.282750
0.014500
0.674250
0.282750
-0.014500
0.659112
0.190182
0.014500
0.659112
0.190182
-0.014500
0.617178
0.109098
0.014500
0.617178
0.109098
-0.014500
0.553668
0.044718
0.014500
0.553668
0.044718
-0.014500
0.473802
0.002262
0.014500
0.473802
0.002262
-0.014500
0.382800
-0.013050
0.014500
0.382800
-0.013050
-0.014500
0.276683
0.003399
0.014500
0.276683
0.003399
-0.014500
0.188454
0.050332
0.014500
0.188454
0.050332
-0.014500
0.121382
0.124132
0.014500
0.121382
0.124132
-0.014500
0.078741
0.221177
0.014500
0.078741
0.221177
-0.014500
0.063800
0.337850
0.014500
0.063800
0.337850
-0.014500
0.080330
0.485704
0.014500
0.080330
0.485704
-0.014500
0.129224
0.629451
0.014500
0.129224
0.629451
-0.014500
0.209438
0.765681
0.014500
0.209438
0.765681
-0.014500
0.319928
0.890984
0.014500
0.319928
0.890984
-0.014500
0.459650
1.001950
0.014500
0.459650
1.001950
-0.014500
0.545200
0.893200
0.014500
0.545200
0.893200
-0.014500
0.426729
0.129363
0.014500
0.470450
0.150986
0.014500
0.470450
0.150986
-0.014500
0.426729
0.129363
-0.014500
0.503660
0.185066
0.014500
0.503660
0.185066
-0.014500
0.524761
0.230005
0.014500
0.524761
0.230005
-0.014500
0.532150
0.284200
0.014500
0.532150
0.284200
-0.014500
0.524158
0.333442
0.014500
0.524158
0.333442
-0.014500
0.501619
0.375376
0.014500
0.501619
0.375376
-0.014500
0.466691
0.407914
0.014500
0.466691
0.407914
-0.014500
0.421532
0.428968
0.014500
0.421532
0.428968
-0.014500
0.368300
0.436450
0.014500
0.368300
0.436450
-0.014500
0.334614
0.434919
0.014500
0.334614
0.434919
-0.014500
0.304825
0.429768
0.014500
0.304825
0.429768
-0.014500
0.276219
0.420164
0.014500
0.276219
0.420164
-0.014500
0.246082
0.405269
0.014500
0.246082
0.405269
-0.014500
0.211700
0.384250
0.014500
0.211700
0.384250
-0.014500
0.204230
0.294594
0.014500
0.204230
0.294594
-0.014500
0.222929
0.221711
0.014500
0.222929
0.221711
-0.014500
0.261603
0.167411
0.014500
0.261603
0.167411
-0.014500
0.314058
0.133504
0.014500
0.314058
0.133504
-0.014500
0.374100
0.121800
0.014500
0.374100
0.121800
-0.014500
