204
0.367813
0.660249
0.014500
0.452319
0.659263
0.014500
0.404550
0.664100
0.014500
0.763524
0.658010
0.014500
0.889488
0.652314
0.014500
0.816350
0.664100
0.014500
0.330588
0.648602
0.014500
0.496120
0.644890
0.014500
0.715987
0.641132
0.014500
0.949402
0.618535
0.014500
0.085550
0.000000
0.014500
0.214600
0.651050
0.014500
0.085550
0.651050
0.014500
0.214600
0.565500
0.014500
0.292738
0.629022
0.014500
0.535468
0.621192
0.014500
0.673113
0.615554
0.014500
0.254121
0.601367
0.014500
0.569873
0.588375
0.014500
0.994352
0.565129
0.014500
0.634276
0.583364
0.014500
0.598850
0.546650
0.014500
0.768500
0.555350
0.014500
0.214600
0.472700
0.014500
0.245827
0.505238
0.014500
0.276150
0.528728
0.014500
0.307098
0.544214
0.014500
0.340205
0.552740
0.014500
0.377000
0.555350
0.014500
0.810921
0.548982
0.014500
1.022598
0.494462
0.014500
0.413714
0.549828
0.014500
0.741727
0.551905
0.014500
0.712658
0.540664
0.014500
0.445904
0.532753
0.014500
0.847914
0.530155
0.014500
0.682474
0.522882
0.014500
0.471482
0.503359
0.014500
0.877180
0.499287
0.014500
0.652361
0.499809
0.014500
0.488360
0.460880
0.014500
0.623500
0.472700
0.014500
0.896425
0.456796
0.014500
1.032400
0.408900
0.014500
0.214600
0.000000
0.014500
0.623500
0.000000
0.014500
0.494450
0.404550
0.014500
0.903350
0.403100
0.014500
1.032400
0.000000
0.014500
0.494450
0.000000
0.014500
0.903350
0.000000
0.014500
0.452319
0.659263
-0.014500
0.367813
0.660249
-0.014500
0.404550
0.664100
-0.014500
0.889488
0.652314
-0.014500
0.763524
0.658010
-0.014500
0.816350
0.664100
-0.014500
0.330588
0.648602
-0.014500
0.496120
0.644890
-0.014500
0.715987
0.641132
-0.014500
0.949402
0.618535
-0.014500
0.214600
0.651050
-0.014500
0.085550
0.000000
-0.014500
0.085550
0.651050
-0.014500
0.214600
0.565500
-0.014500
0.292738
0.629022
-0.014500
0.535468
0.621192
-0.014500
0.673113
0.615554
-0.014500
0.254121
0.601367
-0.014500
0.569873
0.588375
-0.014500
0.994352
0.565129
-0.014500
0.634276
0.583364
-0.014500
0.598850
0.546650
-0.014500
0.768500
0.555350
-0.014500
0.214600
0.472700
-0.014500
0.245827
0.505238
-0.014500
0.276150
0.528728
-0.014500
0.307098
0.544214
-0.014500
0.340205
0.552740
-0.014500
0.377000
0.555350
-0.014500
0.810921
0.548982
-0.014500
1.022598
0.494462
-0.014500
0.413714
0.549828
-0.014500
0.741727
0.551905
-0.014500
0.712658
0.540664
-0.014500
0.445904
0.532753
-0.014500
0.847914
0.530155
-0.014500
0.682474
0.522882
-0.014500
0.471482
0.503359
-0.014500
0.877180
0.499287
-0.014500
0.652361
0.499809
-0.014500
0.488360
0.460880
-0.014500
0.623500
0.472700
-0.014500
0.896425
0.456796
-0.014500
1.032400
0.408900
-0.014500
0.214600
0.000000
-0.014500
0.623500
0.000000
-0.014500
0.494450
0.404550
-0.014500
0.903350
0.403100
-0.014500
1.032400
0.000000
-0.014500
0.494450
0.000000
-0.014500
0.903350
0.000000
-0.014500
0.214600
0.565500
0.014500
0.254121
0.601367
0.014500
0.254121
0.601367
-0.014500
0.214600
0.565500
-0.014500
0.292738
0.629022
0.014500
0.292738
0.629022
-0.014500
0.330588
0.648602
0.014500
0.330588
0.648602
-0.014500
0.367813
0.660249
0.014500
0.367813
0.660249
-0.014500
0.404550
0.664100
0.014500
0.404550
0.664100
-0.014500
0.452319
0.659263
0.014500
0.452319
0.659263
-0.014500
0.496120
0.644890
0.014500
0.496120
0.644890
-0.014500
0.535468
0.621192
0.014500
0.535468
0.621192
-0.014500
0.569873
0.588375
0.014500
0.569873
0.588375
-0.014500
0.598850
0.546650
0.014500
0.598850
0.546650
-0.014500
0.634276
0.583364
0.014500
0.634276
0.583364
-0.014500
0.673113
0.615554
0.014500
0.673113
0.615554
-0.014500
0.715987
0.641132
0.014500
0.715987
0.641132
-0.014500
0.763524
0.658010
0.014500
0.763524
0.658010
-0.014500
0.816350
0.664100
0.014500
0.816350
0.664100
-0.014500
0.889488
0.652314
0.014500
0.889488
0.652314
-0.014500
0.949402
0.618535
0.014500
0.949402
0.618535
-0.014500
0.994352
0.565129
0.014500
0.994352
0.565129
-0.014500
1.022598
0.494462
0.014500
1.022598
0.494462
-0.014500
1.032400
0.408900
0.014500
1.032400
0.408900
-0.014500
1.032400
0.000000
0.014500
1.032400
0.000000
-0.014500
0.903350
0.000000
0.014500
0.903350
0.000000
-0.014500
0.903350
0.403100
0.014500
0.903350
0.403100
-0.014500
0.896425
0.456796
0.014500
0.896425
0.456796
-0.014500
0.877180
0.499287
0.014500
0.877180
0.499287
-0.014500
0.847914
0.530155
0.014500
0.847914
0.530155
-0.014500
0.810921
0.548982
0.014500
0.810921
0.548982
-0.014500
0.768500
0.555350
0.014500
0.768500
0.555350
-0.014500
0.741727
0.551905
0.014500
0.741727
0.551905
-0.014500
0.712658
0.540664
0.014500
0.712658
0.540664
-0.014500
0.682474
0.522882
0.014500
0.682474
0.522882
-0.014500
0.652361
0.499809
0.014500
0.652361
0.499809
-0.014500
0.623500
0.472700
0.014500
0.623500
0.472700
-0.014500
0.623500
0.000000
0.014500
0.623500
0.000000
-0.014500
0.494450
0.000000
0.014500
0.494450
0.000000
-0.014500
0.494450
0.404550
0.014500
0.494450
0.404550
-0.014500
0.488360
0.460880
0.014500
0.488360
0.460880
-0.014500
0.471482
0.503359
0.014500
0.471482
0.503359
-0.014500
0.445904
0.532753
0.014500
0.445904
0.532753
-0.014500
0.413714
0.549828
0.014500
0.413714
0.549828
-0.014500
0.377000
0.555350
0.014500
0.377000
0.555350
-0.014500
0.340205
0.552740
0.014500
0.340205
0.552740
-0.014500
0.307098
0.544214
0.014500
0.307098
0.544214
-0.014500
0.276150
0.528728
0.014500
0.276150
0.528728
-0.014500
0.245827
0.505238
0.014500
0.245827
0.505238
-0.014500
0.214600
0.472700
0.014500
0.214600
0.472700
-0.014500
0.214600
0.000000
0.014500
0.214600
0.000000
-0.014500
0.085550
0.000000
0.014500
0.085550
0.000000
-0.014500
0.085550
0.651050
0.014500
0.085550
0.651050
-0.014500
0.214600
0.651050
0.014500
0.214600
0.651050
-0.014500
