48
0.108750
0.000000
0.014500
0.250850
0.861300
0.014500
0.108750
0.988900
0.014500
0.669900
0.988900
0.014500
0.669900
0.861300
0.014500
0.250850
0.562600
0.014500
0.250850
0.435000
0.014500
0.655400
0.562600
0.014500
0.655400
0.435000
0.014500
0.250850
0.127600
0.014500
0.682950
0.127600
0.014500
0.682950
0.000000
0.014500
0.250850
0.861300
-0.014500
0.108750
0.000000
-0.014500
0.108750
0.988900
-0.014500
0.669900
0.988900
-0.014500
0.669900
0.861300
-0.014500
0.250850
0.562600
-0.014500
0.250850
0.435000
-0.014500
0.655400
0.562600
-0.014500
0.655400
0.435000
-0.014500
0.250850
0.127600
-0.014500
0.682950
0.127600
-0.014500
0.682950
0.000000
-0.014500
0.250850
0.861300
0.014500
0.250850
0.562600
0.014500
0.250850
0.562600
-0.014500
0.250850
0.861300
-0.014500
0.655400
0.562600
0.014500
0.655400
0.562600
-0.014500
0.655400
0.435000
0.014500
0.655400
0.435000
-0.014500
0.250850
0.435000
0.014500
0.250850
0.435000
-0.014500
0.250850
0.127600
0.014500
0.250850
0.127600
-0.014500
0.682950
0.127600
0.014500
0.682950
0.127600
-0.014500
0.682950
0.000000
0.014500
0.682950
0.000000
-0.014500
0.108750
0.000000
0.014500
0.108750
0.000000
-0.014500
0.108750
0.988900
0.014500
0.108750
0.988900
-0.014500
0.669900
0.988900
0.014500
0.669900
0.988900
-0.014500
0.669900
0.861300
0.014500
0.669900
0.861300
-0.014500
