40
0.107300
0.000000
0.014500
0.220400
0.988900
0.014500
0.107300
0.988900
0.014500
0.240700
0.761250
0.014500
0.890300
0.223300
0.014500
1.023700
0.988900
0.014500
0.890300
0.988900
0.014500
1.023700
0.000000
0.014500
0.240700
0.000000
0.014500
0.901900
0.000000
0.014500
0.220400
0.988900
-0.014500
0.107300
0.000000
-0.014500
0.107300
0.988900
-0.014500
0.240700
0.761250
-0.014500
0.890300
0.223300
-0.014500
1.023700
0.988900
-0.014500
0.890300
0.988900
-0.014500
1.023700
0.000000
-0.014500
0.240700
0.000000
-0.014500
0.901900
0.000000
-0.014500
0.901900
0.000000
0.014500
0.240700
0.761250
0.014500
0.240700
0.761250
-0.014500
0.901900
0.000000
-0.014500
0.240700
0.000000
0.014500
0.240700
0.000000
-0.014500
0.107300
0.000000
0.014500
0.107300
0.000000
-0.014500
0.107300
0.988900
0.014500
0.107300
0.988900
-0.014500
0.220400
0.988900
0.014500
0.220400
0.988900
-0.014500
0.890300
0.223300
0.014500
0.890300
0.223300
-0.014500
0.890300
0.988900
0.014500
0.890300
0.988900
-0.014500
1.023700
0.988900
0.014500
1.023700
0.988900
-0.014500
1.023700
0.000000
0.014500
1.023700
0.000000
-0.014500
