3
128
0
1
2
0
3
1
0
4
3
5
4
0
6
4
5
6
7
4
8
7
6
9
7
8
9
10
7
11
10
9
12
10
11
12
13
10
14
15
16
17
15
14
17
18
15
19
18
17
19
20
18
21
20
19
21
22
20
23
22
21
23
24
22
25
24
23
25
26
24
27
26
25
27
28
26
29
28
27
29
30
28
31
30
29
31
32
30
33
32
31
34
35
36
37
35
34
38
35
37
38
39
35
38
40
39
41
40
38
41
42
40
41
43
42
44
43
41
44
45
43
44
46
45
47
46
44
48
49
50
48
51
49
52
51
48
52
53
51
54
53
52
54
55
53
56
55
54
56
57
55
58
57
56
58
59
57
60
59
58
60
61
59
62
61
60
62
63
61
64
63
62
64
65
63
66
65
64
66
67
65
68
69
70
68
70
71
69
72
73
69
73
70
72
74
75
72
75
73
74
76
77
74
77
75
76
78
79
76
79
77
78
80
81
78
81
79
80
82
83
80
83
81
82
84
85
82
85
83
84
86
87
84
87
85
86
88
89
86
89
87
88
90
91
88
91
89
90
92
93
90
93
91
92
94
95
92
95
93
94
68
71
94
71
95
96
97
98
96
98
99
97
100
101
97
101
98
100
102
103
100
103
101
102
104
105
102
105
103
104
106
107
104
107
105
106
108
109
106
109
107
108
110
111
108
111
109
110
112
113
110
113
111
112
114
115
112
115
113
114
116
117
114
117
115
116
118
119
116
119
117
118
120
121
118
121
119
120
122
123
120
123
121
122
124
125
122
125
123
124
126
127
124
127
125
126
128
129
126
129
127
128
130
131
128
131
129
130
132
133
130
133
131
132
134
135
132
135
133
134
96
99
134
99
135
