136
0.088450
-0.095700
0.014500
0.217500
0.651050
0.014500
0.088450
0.651050
0.014500
0.217500
-0.085550
0.014500
0.212292
-0.160335
0.014500
0.083775
-0.136091
0.014500
0.070540
-0.170358
0.014500
0.196713
-0.219600
0.014500
0.049926
-0.198638
0.014500
0.023119
-0.221073
0.014500
0.170833
-0.266266
0.014500
-0.008700
-0.237800
0.014500
0.088450
-0.333500
0.014500
0.134722
-0.303259
0.014500
0.129560
0.921144
0.014500
0.177840
0.921144
0.014500
0.153700
0.925100
0.014500
0.108483
0.910159
0.014500
0.198917
0.910159
0.014500
0.091791
0.893467
0.014500
0.215609
0.893467
0.014500
0.080806
0.872390
0.014500
0.226594
0.872390
0.014500
0.076850
0.848250
0.014500
0.230550
0.848250
0.014500
0.080806
0.824111
0.014500
0.226594
0.824110
0.014500
0.091791
0.803033
0.014500
0.215609
0.803033
0.014500
0.108483
0.786341
0.014500
0.198917
0.786341
0.014500
0.129560
0.775356
0.014500
0.177840
0.775356
0.014500
0.153700
0.771400
0.014500
0.217500
0.651050
-0.014500
0.088450
-0.095700
-0.014500
0.088450
0.651050
-0.014500
0.217500
-0.085550
-0.014500
0.212292
-0.160335
-0.014500
0.083775
-0.136091
-0.014500
0.070540
-0.170358
-0.014500
0.196713
-0.219600
-0.014500
0.049926
-0.198638
-0.014500
0.023119
-0.221073
-0.014500
0.170833
-0.266266
-0.014500
-0.008700
-0.237800
-0.014500
0.088450
-0.333500
-0.014500
0.134722
-0.303259
-0.014500
0.177840
0.921144
-0.014500
0.129560
0.921144
-0.014500
0.153700
0.925100
-0.014500
0.108483
0.910159
-0.014500
0.198917
0.910159
-0.014500
0.091791
0.893467
-0.014500
0.215609
0.893467
-0.014500
0.080806
0.872390
-0.014500
0.226594
0.872390
-0.014500
0.076850
0.848250
-0.014500
0.230550
0.848250
-0.014500
0.080806
0.824111
-0.014500
0.226594
0.824110
-0.014500
0.091791
0.803033
-0.014500
0.215609
0.803033
-0.014500
0.108483
0.786341
-0.014500
0.198917
0.786341
-0.014500
0.129560
0.775356
-0.014500
0.177840
0.775356
-0.014500
0.153700
0.771400
-0.014500
0.212292
-0.160335
0.014500
0.196713
-0.219600
0.014500
0.196713
-0.219600
-0.014500
0.212292
-0.160335
-0.014500
0.170833
-0.266266
0.014500
0.170833
-0.266266
-0.014500
0.134722
-0.303259
0.014500
0.134722
-0.303259
-0.014500
0.088450
-0.333500
0.014500
0.088450
-0.333500
-0.014500
-0.008700
-0.237800
0.014500
-0.008700
-0.237800
-0.014500
0.023119
-0.221073
0.014500
0.023119
-0.221073
-0.014500
0.049926
-0.198638
0.014500
0.049926
-0.198638
-0.014500
0.070540
-0.170358
0.014500
0.070540
-0.170358
-0.014500
0.083775
-0.136091
0.014500
0.083775
-0.136091
-0.014500
0.088450
-0.095700
0.014500
0.088450
-0.095700
-0.014500
0.088450
0.651050
0.014500
0.088450
0.651050
-0.014500
0.217500
0.651050
0.014500
0.217500
0.651050
-0.014500
0.217500
-0.085550
0.014500
0.217500
-0.085550
-0.014500
0.129560
0.775356
0.014500
0.108483
0.786341
0.014500
0.108483
0.786341
-0.014500
0.129560
0.775356
-0.014500
0.091791
0.803033
0.014500
0.091791
0.803033
-0.014500
0.080806
0.824111
0.014500
0.080806
0.824111
-0.014500
0.076850
0.848250
0.014500
0.076850
0.848250
-0.014500
0.080806
0.872390
0.014500
0.080806
0.872390
-0.014500
0.091791
0.893467
0.014500
0.091791
0.893467
-0.014500
0.108483
0.910159
0.014500
0.108483
0.910159
-0.014500
0.129560
0.921144
0.014500
0.129560
0.921144
-0.014500
0.153700
0.925100
0.014500
0.153700
0.925100
-0.014500
0.177840
0.921144
0.014500
0.177840
0.921144
-0.014500
0.198917
0.910159
0.014500
0.198917
0.910159
-0.014500
0.215609
0.893467
0.014500
0.215609
0.893467
-0.014500
0.226594
0.872390
0.014500
0.226594
0.872390
-0.014500
0.230550
0.848250
0.014500
0.230550
0.848250
-0.014500
0.226594
0.824110
0.014500
0.226594
0.824110
-0.014500
0.215609
0.803033
0.014500
0.215609
0.803033
-0.014500
0.198917
0.786341
0.014500
0.198917
0.786341
-0.014500
0.177840
0.775356
0.014500
0.177840
0.775356
-0.014500
0.153700
0.771400
0.014500
0.153700
0.771400
-0.014500
