4
20
0.509339
0.002962
0.487699
0.000000
0.913805
0.086195
0.000000
0.000000
0.921052
0.078948
0.000000
0.000000
0.509702
0.002927
0.487371
0.000000
0.921052
0.078948
0.000000
0.000000
0.509339
0.002962
0.487699
0.000000
0.913805
0.086195
0.000000
0.000000
0.509702
0.002927
0.487371
0.000000
0.914240
0.085760
0.000000
0.000000
0.921418
0.078582
0.000000
0.000000
0.914240
0.085760
0.000000
0.000000
0.521454
0.003110
0.475436
0.000000
0.521817
0.003073
0.475109
0.000000
0.005821
0.005787
0.516041
0.472351
0.005787
0.005821
0.516055
0.472337
0.921417
0.078582
0.000000
0.000000
0.521454
0.003110
0.475436
0.000000
0.005821
0.005787
0.516041
0.472351
0.521817
0.003073
0.475109
0.000000
0.005787
0.005821
0.516055
0.472337
