184
0.128621
0.186319
0.014500
0.189532
0.183025
0.014500
0.156600
0.189950
0.014500
0.104678
0.175520
0.014500
0.216479
0.163780
0.014500
0.086026
0.157690
0.014500
0.236675
0.134514
0.014500
0.073915
0.132971
0.014500
0.249354
0.097521
0.014500
0.069600
0.101500
0.014500
0.073138
0.075342
0.014500
0.253750
0.055100
0.014500
0.083288
0.053012
0.014500
0.246860
-0.006113
0.014500
0.099354
0.035206
0.014500
0.120640
0.022620
0.014500
0.146450
0.015950
0.014500
0.147239
-0.017586
0.014500
0.226467
-0.060158
0.014500
0.144408
-0.049103
0.014500
0.135384
-0.079367
0.014500
0.192989
-0.105780
0.014500
0.117589
-0.109144
0.014500
0.146844
-0.141729
0.014500
0.088450
-0.139200
0.014500
0.088450
-0.166750
0.014500
0.130628
0.659646
0.014500
0.185472
0.659646
0.014500
0.158050
0.664100
0.014500
0.106755
0.647257
0.014500
0.209345
0.647257
0.014500
0.087893
0.628395
0.014500
0.228207
0.628395
0.014500
0.075504
0.604522
0.014500
0.240596
0.604522
0.014500
0.071050
0.577100
0.014500
0.245050
0.577100
0.014500
0.075504
0.549678
0.014500
0.240596
0.549678
0.014500
0.087893
0.525805
0.014500
0.228207
0.525805
0.014500
0.106755
0.506943
0.014500
0.209345
0.506943
0.014500
0.130628
0.494554
0.014500
0.185472
0.494554
0.014500
0.158050
0.490100
0.014500
0.189532
0.183025
-0.014500
0.128621
0.186319
-0.014500
0.156600
0.189950
-0.014500
0.104678
0.175520
-0.014500
0.216479
0.163780
-0.014500
0.086026
0.157690
-0.014500
0.236675
0.134514
-0.014500
0.073915
0.132971
-0.014500
0.249354
0.097521
-0.014500
0.069600
0.101500
-0.014500
0.073138
0.075342
-0.014500
0.253750
0.055100
-0.014500
0.083288
0.053012
-0.014500
0.246860
-0.006113
-0.014500
0.099354
0.035206
-0.014500
0.120640
0.022620
-0.014500
0.146450
0.015950
-0.014500
0.147239
-0.017586
-0.014500
0.226467
-0.060158
-0.014500
0.144408
-0.049103
-0.014500
0.135384
-0.079367
-0.014500
0.192989
-0.105780
-0.014500
0.117589
-0.109144
-0.014500
0.146844
-0.141729
-0.014500
0.088450
-0.139200
-0.014500
0.088450
-0.166750
-0.014500
0.185472
0.659646
-0.014500
0.130628
0.659646
-0.014500
0.158050
0.664100
-0.014500
0.106755
0.647257
-0.014500
0.209345
0.647257
-0.014500
0.087893
0.628395
-0.014500
0.228207
0.628395
-0.014500
0.075504
0.604522
-0.014500
0.240596
0.604522
-0.014500
0.071050
0.577100
-0.014500
0.245050
0.577100
-0.014500
0.075504
0.549678
-0.014500
0.240596
0.549678
-0.014500
0.087893
0.525805
-0.014500
0.228207
0.525805
-0.014500
0.106755
0.506943
-0.014500
0.209345
0.506943
-0.014500
0.130628
0.494554
-0.014500
0.185472
0.494554
-0.014500
0.158050
0.490100
-0.014500
0.117589
-0.109144
0.014500
0.135384
-0.079367
0.014500
0.135384
-0.079367
-0.014500
0.117589
-0.109144
-0.014500
0.144408
-0.049103
0.014500
0.144408
-0.049103
-0.014500
0.147239
-0.017586
0.014500
0.147239
-0.017586
-0.014500
0.146450
0.015950
0.014500
0.146450
0.015950
-0.014500
0.120640
0.022620
0.014500
0.120640
0.022620
-0.014500
0.099354
0.035206
0.014500
0.099354
0.035206
-0.014500
0.083288
0.053012
0.014500
0.083288
0.053012
-0.014500
0.073138
0.075342
0.014500
0.073138
0.075342
-0.014500
0.069600
0.101500
0.014500
0.069600
0.101500
-0.014500
0.073915
0.132971
0.014500
0.073915
0.132971
-0.014500
0.086026
0.157690
0.014500
0.086026
0.157690
-0.014500
0.104678
0.175520
0.014500
0.104678
0.175520
-0.014500
0.128621
0.186319
0.014500
0.128621
0.186319
-0.014500
0.156600
0.189950
0.014500
0.156600
0.189950
-0.014500
0.189532
0.183025
0.014500
0.189532
0.183025
-0.014500
0.216479
0.163780
0.014500
0.216479
0.163780
-0.014500
0.236675
0.134514
0.014500
0.236675
0.134514
-0.014500
0.249354
0.097521
0.014500
0.249354
0.097521
-0.014500
0.253750
0.055100
0.014500
0.253750
0.055100
-0.014500
0.246860
-0.006113
0.014500
0.246860
-0.006113
-0.014500
0.226467
-0.060158
0.014500
0.226467
-0.060158
-0.014500
0.192989
-0.105780
0.014500
0.192989
-0.105780
-0.014500
0.146844
-0.141729
0.014500
0.146844
-0.141729
-0.014500
0.088450
-0.166750
0.014500
0.088450
-0.166750
-0.014500
0.088450
-0.139200
0.014500
0.088450
-0.139200
-0.014500
0.130628
0.494554
0.014500
0.106755
0.506943
0.014500
0.106755
0.506943
-0.014500
0.130628
0.494554
-0.014500
0.087893
0.525805
0.014500
0.087893
0.525805
-0.014500
0.075504
0.549678
0.014500
0.075504
0.549678
-0.014500
0.071050
0.577100
0.014500
0.071050
0.577100
-0.014500
0.075504
0.604522
0.014500
0.075504
0.604522
-0.014500
0.087893
0.628395
0.014500
0.087893
0.628395
-0.014500
0.106755
0.647257
0.014500
0.106755
0.647257
-0.014500
0.130628
0.659646
0.014500
0.130628
0.659646
-0.014500
0.158050
0.664100
0.014500
0.158050
0.664100
-0.014500
0.185472
0.659646
0.014500
0.185472
0.659646
-0.014500
0.209345
0.647257
0.014500
0.209345
0.647257
-0.014500
0.228207
0.628395
0.014500
0.228207
0.628395
-0.014500
0.240596
0.604522
0.014500
0.240596
0.604522
-0.014500
0.245050
0.577100
0.014500
0.245050
0.577100
-0.014500
0.240596
0.549678
0.014500
0.240596
0.549678
-0.014500
0.228207
0.525805
0.014500
0.228207
0.525805
-0.014500
0.209345
0.506943
0.014500
0.209345
0.506943
-0.014500
0.185472
0.494554
0.014500
0.185472
0.494554
-0.014500
0.158050
0.490100
0.014500
0.158050
0.490100
-0.014500
