160
0.255826
0.978402
0.014500
0.469174
0.978402
0.014500
0.362500
1.001950
0.014500
0.167527
0.911006
0.014500
0.557473
0.911006
0.014500
0.100665
0.804634
0.014500
0.362500
0.867100
0.014500
0.624335
0.804634
0.014500
0.301786
0.850617
0.014500
0.423214
0.850617
0.014500
0.252625
0.802743
0.014500
0.472375
0.802743
0.014500
0.058302
0.664158
0.014500
0.666698
0.664158
0.014500
0.216131
0.725847
0.014500
0.508869
0.725847
0.014500
0.193418
0.622294
0.014500
0.531582
0.622294
0.014500
0.043500
0.494450
0.014500
0.681500
0.494450
0.014500
0.185600
0.494450
0.014500
0.539400
0.494450
0.014500
0.058302
0.324742
0.014500
0.193418
0.366606
0.014500
0.531582
0.366606
0.014500
0.666698
0.324742
0.014500
0.508869
0.263053
0.014500
0.216131
0.263053
0.014500
0.100665
0.184266
0.014500
0.624335
0.184266
0.014500
0.472375
0.186157
0.014500
0.252625
0.186157
0.014500
0.423214
0.138284
0.014500
0.301786
0.138284
0.014500
0.167527
0.077894
0.014500
0.557473
0.077894
0.014500
0.362500
0.121800
0.014500
0.255826
0.010498
0.014500
0.469174
0.010498
0.014500
0.362500
-0.013050
0.014500
0.469174
0.978402
-0.014500
0.255826
0.978402
-0.014500
0.362500
1.001950
-0.014500
0.167527
0.911006
-0.014500
0.557473
0.911006
-0.014500
0.362500
0.867100
-0.014500
0.100665
0.804634
-0.014500
0.624335
0.804634
-0.014500
0.301786
0.850617
-0.014500
0.423214
0.850617
-0.014500
0.252625
0.802743
-0.014500
0.472375
0.802743
-0.014500
0.058302
0.664158
-0.014500
0.666698
0.664158
-0.014500
0.216131
0.725847
-0.014500
0.508869
0.725847
-0.014500
0.193418
0.622294
-0.014500
0.531582
0.622294
-0.014500
0.043500
0.494450
-0.014500
0.681500
0.494450
-0.014500
0.185600
0.494450
-0.014500
0.539400
0.494450
-0.014500
0.058302
0.324742
-0.014500
0.193418
0.366606
-0.014500
0.531582
0.366606
-0.014500
0.666698
0.324742
-0.014500
0.508869
0.263053
-0.014500
0.216131
0.263053
-0.014500
0.100665
0.184266
-0.014500
0.624335
0.184266
-0.014500
0.472375
0.186157
-0.014500
0.252625
0.186157
-0.014500
0.423214
0.138284
-0.014500
0.301786
0.138284
-0.014500
0.167527
0.077894
-0.014500
0.557473
0.077894
-0.014500
0.362500
0.121800
-0.014500
0.255826
0.010498
-0.014500
0.469174
0.010498
-0.014500
0.362500
-0.013050
-0.014500
0.255826
0.010498
0.014500
0.167527
0.077894
0.014500
0.167527
0.077894
-0.014500
0.255826
0.010498
-0.014500
0.100665
0.184266
0.014500
0.100665
0.184266
-0.014500
0.058302
0.324742
0.014500
0.058302
0.324742
-0.014500
0.043500
0.494450
0.014500
0.043500
0.494450
-0.014500
0.058302
0.664158
0.014500
0.058302
0.664158
-0.014500
0.100665
0.804634
0.014500
0.100665
0.804634
-0.014500
0.167527
0.911006
0.014500
0.167527
0.911006
-0.014500
0.255826
0.978402
0.014500
0.255826
0.978402
-0.014500
0.362500
1.001950
0.014500
0.362500
1.001950
-0.014500
0.469174
0.978402
0.014500
0.469174
0.978402
-0.014500
0.557473
0.911006
0.014500
0.557473
0.911006
-0.014500
0.624335
0.804634
0.014500
0.624335
0.804634
-0.014500
0.666698
0.664158
0.014500
0.666698
0.664158
-0.014500
0.681500
0.494450
0.014500
0.681500
0.494450
-0.014500
0.666698
0.324742
0.014500
0.666698
0.324742
-0.014500
0.624335
0.184266
0.014500
0.624335
0.184266
-0.014500
0.557473
0.077894
0.014500
0.557473
0.077894
-0.014500
0.469174
0.010498
0.014500
0.469174
0.010498
-0.014500
0.362500
-0.013050
0.014500
0.362500
-0.013050
-0.014500
0.301786
0.850617
0.014500
0.252625
0.802743
0.014500
0.252625
0.802743
-0.014500
0.301786
0.850617
-0.014500
0.216131
0.725847
0.014500
0.216131
0.725847
-0.014500
0.193418
0.622294
0.014500
0.193418
0.622294
-0.014500
0.185600
0.494450
0.014500
0.185600
0.494450
-0.014500
0.193418
0.366606
0.014500
0.193418
0.366606
-0.014500
0.216131
0.263053
0.014500
0.216131
0.263053
-0.014500
0.252625
0.186157
0.014500
0.252625
0.186157
-0.014500
0.301786
0.138284
0.014500
0.301786
0.138284
-0.014500
0.362500
0.121800
0.014500
0.362500
0.121800
-0.014500
0.423214
0.138284
0.014500
0.423214
0.138284
-0.014500
0.472375
0.186157
0.014500
0.472375
0.186157
-0.014500
0.508869
0.263053
0.014500
0.508869
0.263053
-0.014500
0.531582
0.366606
0.014500
0.531582
0.366606
-0.014500
0.539400
0.494450
0.014500
0.539400
0.494450
-0.014500
0.531582
0.622294
0.014500
0.531582
0.622294
-0.014500
0.508869
0.725847
0.014500
0.508869
0.725847
-0.014500
0.472375
0.802743
0.014500
0.472375
0.802743
-0.014500
0.423214
0.850617
0.014500
0.423214
0.850617
-0.014500
0.362500
0.867100
0.014500
0.362500
0.867100
-0.014500
