32
0.024650
0.861300
0.014500
0.851150
0.988900
0.014500
0.024650
0.988900
0.014500
0.851150
0.861300
0.014500
0.366850
0.861300
0.014500
0.366850
0.000000
0.014500
0.508950
0.861300
0.014500
0.508950
0.000000
0.014500
0.851150
0.988900
-0.014500
0.024650
0.861300
-0.014500
0.024650
0.988900
-0.014500
0.851150
0.861300
-0.014500
0.366850
0.861300
-0.014500
0.508950
0.861300
-0.014500
0.366850
0.000000
-0.014500
0.508950
0.000000
-0.014500
0.508950
0.861300
0.014500
0.508950
0.000000
0.014500
0.508950
0.000000
-0.014500
0.508950
0.861300
-0.014500
0.366850
0.000000
0.014500
0.366850
0.000000
-0.014500
0.366850
0.861300
0.014500
0.366850
0.861300
-0.014500
0.024650
0.861300
0.014500
0.024650
0.861300
-0.014500
0.024650
0.988900
0.014500
0.024650
0.988900
-0.014500
0.851150
0.988900
0.014500
0.851150
0.988900
-0.014500
0.851150
0.861300
0.014500
0.851150
0.861300
-0.014500
