3
204
0
1
2
0
3
1
0
4
3
5
4
0
5
6
4
5
7
6
8
7
5
8
9
7
9
10
7
10
11
7
11
12
7
12
13
7
14
15
8
15
16
8
16
9
8
14
17
15
14
18
17
14
19
18
20
19
14
20
21
19
20
22
21
23
22
20
23
24
22
25
24
23
25
26
24
25
27
26
28
27
25
29
27
28
29
30
27
31
30
29
32
33
34
31
35
30
36
35
31
32
37
33
38
35
36
39
35
38
39
40
35
32
41
37
42
40
39
32
43
41
44
40
42
32
44
43
32
40
44
32
45
40
46
45
32
47
45
46
47
48
45
49
48
47
50
48
49
50
51
48
52
53
54
55
53
52
56
53
55
56
57
53
58
57
56
59
57
58
59
60
57
61
60
59
62
61
59
63
62
59
64
63
59
65
64
59
66
67
60
68
66
60
61
68
60
69
67
66
70
67
69
71
67
70
71
72
67
73
72
71
74
72
73
74
75
72
76
75
74
76
77
75
78
77
76
79
77
78
79
80
77
79
81
80
82
81
79
82
83
81
84
85
86
87
83
82
87
88
83
89
85
84
87
90
88
87
91
90
92
91
87
93
85
89
92
94
91
95
85
93
92
96
94
96
85
95
92
85
96
97
85
92
97
98
85
97
99
98
100
99
97
100
101
99
100
102
101
103
102
100
104
105
106
104
106
107
105
108
109
105
109
106
108
110
111
108
111
109
110
112
113
110
113
111
112
114
115
112
115
113
114
116
117
114
117
115
116
118
119
116
119
117
118
120
121
118
121
119
120
122
123
120
123
121
122
124
125
122
125
123
124
126
127
124
127
125
126
128
129
126
129
127
128
130
131
128
131
129
130
132
133
130
133
131
132
134
135
132
135
133
134
136
137
134
137
135
136
138
139
136
139
137
138
140
141
138
141
139
140
142
143
140
143
141
142
144
145
142
145
143
144
146
147
144
147
145
146
148
149
146
149
147
148
150
151
148
151
149
150
152
153
150
153
151
152
154
155
152
155
153
154
156
157
154
157
155
156
158
159
156
159
157
158
160
161
158
161
159
160
162
163
160
163
161
162
164
165
162
165
163
164
166
167
164
167
165
166
168
169
166
169
167
168
170
171
168
171
169
170
172
173
170
173
171
172
174
175
172
175
173
174
176
177
174
177
175
176
178
179
176
179
177
178
180
181
178
181
179
180
182
183
180
183
181
182
184
185
182
185
183
184
186
187
184
187
185
186
188
189
186
189
187
188
190
191
188
191
189
190
192
193
190
193
191
192
194
195
192
195
193
194
196
197
194
197
195
196
198
199
196
199
197
198
200
201
198
201
199
200
202
203
200
203
201
202
204
205
202
205
203
204
206
207
204
207
205
206
104
107
206
107
207
