208
0.257334
0.989956
0.014500
0.403344
0.999166
0.014500
0.358150
1.001950
0.014500
0.448259
0.990814
0.014500
0.492617
0.976894
0.014500
0.174197
0.955411
0.014500
0.536140
0.957406
0.014500
0.578550
0.932350
0.014500
0.111453
0.900473
0.014500
0.388217
0.871299
0.014500
0.432808
0.861080
0.014500
0.479764
0.842090
0.014500
0.528531
0.812731
0.014500
0.578550
0.771400
0.014500
0.071816
0.827300
0.014500
0.295185
0.868817
0.014500
0.346550
0.874350
0.014500
0.251964
0.853052
0.014500
0.218764
0.828310
0.014500
0.197467
0.795841
0.014500
0.058000
0.738050
0.014500
0.189950
0.756900
0.014500
0.234436
0.661989
0.014500
0.102486
0.601680
0.014500
0.340518
0.588862
0.014500
0.208568
0.504217
0.014500
0.467132
0.513022
0.014500
0.573214
0.409967
0.014500
0.335182
0.425059
0.014500
0.441264
0.343604
0.014500
0.617700
0.255200
0.014500
0.485750
0.239250
0.014500
0.063800
0.078300
0.014500
0.109458
0.207536
0.014500
0.063800
0.258100
0.014500
0.604209
0.167724
0.014500
0.479590
0.205123
0.014500
0.159013
0.167481
0.014500
0.460833
0.171552
0.014500
0.429061
0.142576
0.014500
0.566150
0.093751
0.014500
0.211839
0.138353
0.014500
0.383856
0.122229
0.014500
0.267310
0.120570
0.014500
0.324800
0.114550
0.014500
0.507140
0.036691
0.014500
0.114040
0.044857
0.014500
0.166089
0.019210
0.014500
0.430801
-0.000046
0.014500
0.220713
0.001148
0.014500
0.278678
-0.009535
0.014500
0.340750
-0.013050
0.014500
0.403344
0.999166
-0.014500
0.257334
0.989956
-0.014500
0.358150
1.001950
-0.014500
0.448259
0.990814
-0.014500
0.492617
0.976894
-0.014500
0.174197
0.955411
-0.014500
0.536140
0.957406
-0.014500
0.578550
0.932350
-0.014500
0.111453
0.900473
-0.014500
0.388217
0.871299
-0.014500
0.432808
0.861080
-0.014500
0.479764
0.842090
-0.014500
0.528531
0.812731
-0.014500
0.578550
0.771400
-0.014500
0.295185
0.868817
-0.014500
0.071816
0.827300
-0.014500
0.346550
0.874350
-0.014500
0.251964
0.853052
-0.014500
0.218764
0.828310
-0.014500
0.197467
0.795841
-0.014500
0.058000
0.738050
-0.014500
0.189950
0.756900
-0.014500
0.234436
0.661989
-0.014500
0.102486
0.601680
-0.014500
0.340518
0.588862
-0.014500
0.208568
0.504217
-0.014500
0.467132
0.513022
-0.014500
0.573214
0.409967
-0.014500
0.335182
0.425059
-0.014500
0.441264
0.343604
-0.014500
0.617700
0.255200
-0.014500
0.485750
0.239250
-0.014500
0.109458
0.207536
-0.014500
0.063800
0.078300
-0.014500
0.063800
0.258100
-0.014500
0.604209
0.167724
-0.014500
0.479590
0.205123
-0.014500
0.159013
0.167481
-0.014500
0.460833
0.171552
-0.014500
0.429061
0.142576
-0.014500
0.566150
0.093751
-0.014500
0.211839
0.138353
-0.014500
0.383856
0.122229
-0.014500
0.267310
0.120570
-0.014500
0.324800
0.114550
-0.014500
0.507140
0.036691
-0.014500
0.114040
0.044857
-0.014500
0.166089
0.019210
-0.014500
0.430801
-0.000046
-0.014500
0.220713
0.001148
-0.014500
0.278678
-0.009535
-0.014500
0.340750
-0.013050
-0.014500
0.528531
0.812731
0.014500
0.479764
0.842090
0.014500
0.479764
0.842090
-0.014500
0.528531
0.812731
-0.014500
0.432808
0.861080
0.014500
0.432808
0.861080
-0.014500
0.388217
0.871299
0.014500
0.388217
0.871299
-0.014500
0.346550
0.874350
0.014500
0.346550
0.874350
-0.014500
0.295185
0.868817
0.014500
0.295185
0.868817
-0.014500
0.251964
0.853052
0.014500
0.251964
0.853052
-0.014500
0.218764
0.828310
0.014500
0.218764
0.828310
-0.014500
0.197467
0.795841
0.014500
0.197467
0.795841
-0.014500
0.189950
0.756900
0.014500
0.189950
0.756900
-0.014500
0.234436
0.661989
0.014500
0.234436
0.661989
-0.014500
0.340518
0.588862
0.014500
0.340518
0.588862
-0.014500
0.467132
0.513022
0.014500
0.467132
0.513022
-0.014500
0.573214
0.409967
0.014500
0.573214
0.409967
-0.014500
0.617700
0.255200
0.014500
0.617700
0.255200
-0.014500
0.604209
0.167724
0.014500
0.604209
0.167724
-0.014500
0.566150
0.093751
0.014500
0.566150
0.093751
-0.014500
0.507140
0.036691
0.014500
0.507140
0.036691
-0.014500
0.430801
-0.000046
0.014500
0.430801
-0.000046
-0.014500
0.340750
-0.013050
0.014500
0.340750
-0.013050
-0.014500
0.278678
-0.009535
0.014500
0.278678
-0.009535
-0.014500
0.220713
0.001148
0.014500
0.220713
0.001148
-0.014500
0.166089
0.019210
0.014500
0.166089
0.019210
-0.014500
0.114040
0.044857
0.014500
0.114040
0.044857
-0.014500
0.063800
0.078300
0.014500
0.063800
0.078300
-0.014500
0.063800
0.258100
0.014500
0.063800
0.258100
-0.014500
0.109458
0.207536
0.014500
0.109458
0.207536
-0.014500
0.159013
0.167481
0.014500
0.159013
0.167481
-0.014500
0.211839
0.138353
0.014500
0.211839
0.138353
-0.014500
0.267310
0.120570
0.014500
0.267310
0.120570
-0.014500
0.324800
0.114550
0.014500
0.324800
0.114550
-0.014500
0.383856
0.122229
0.014500
0.383856
0.122229
-0.014500
0.429061
0.142576
0.014500
0.429061
0.142576
-0.014500
0.460833
0.171552
0.014500
0.460833
0.171552
-0.014500
0.479590
0.205123
0.014500
0.479590
0.205123
-0.014500
0.485750
0.239250
0.014500
0.485750
0.239250
-0.014500
0.441264
0.343604
0.014500
0.441264
0.343604
-0.014500
0.335182
0.425059
0.014500
0.335182
0.425059
-0.014500
0.208568
0.504217
0.014500
0.208568
0.504217
-0.014500
0.102486
0.601680
0.014500
0.102486
0.601680
-0.014500
0.058000
0.738050
0.014500
0.058000
0.738050
-0.014500
0.071816
0.827300
0.014500
0.071816
0.827300
-0.014500
0.111453
0.900473
0.014500
0.111453
0.900473
-0.014500
0.174197
0.955411
0.014500
0.174197
0.955411
-0.014500
0.257334
0.989956
0.014500
0.257334
0.989956
-0.014500
0.358150
1.001950
0.014500
0.358150
1.001950
-0.014500
0.403344
0.999166
0.014500
0.403344
0.999166
-0.014500
0.448259
0.990814
0.014500
0.448259
0.990814
-0.014500
0.492617
0.976894
0.014500
0.492617
0.976894
-0.014500
0.536140
0.957406
0.014500
0.536140
0.957406
-0.014500
0.578550
0.932350
0.014500
0.578550
0.932350
-0.014500
0.578550
0.771400
0.014500
0.578550
0.771400
-0.014500
