168
0.205749
0.495610
0.014500
0.288283
0.497164
0.014500
0.252300
0.500250
0.014500
0.324754
0.488789
0.014500
0.160382
0.482618
0.014500
0.361502
0.476447
0.014500
0.773070
0.457608
0.014500
0.812000
0.366850
0.014500
0.812000
0.487200
0.014500
0.116684
0.462666
0.014500
0.398321
0.461460
0.014500
0.075145
0.437146
0.014500
0.435000
0.445150
0.014500
0.731983
0.431079
0.014500
0.471331
0.428840
0.014500
0.036250
0.407450
0.014500
0.690061
0.409631
0.014500
0.507106
0.413853
0.014500
0.542114
0.401511
0.014500
0.648626
0.395282
0.014500
0.036250
0.287100
0.014500
0.077569
0.317805
0.014500
0.118332
0.344474
0.014500
0.159024
0.365504
0.014500
0.200135
0.379297
0.014500
0.242150
0.384250
0.014500
0.576149
0.393136
0.014500
0.609000
0.390050
0.014500
0.275164
0.381164
0.014500
0.309639
0.372789
0.014500
0.345297
0.360447
0.014500
0.774393
0.337711
0.014500
0.381860
0.345460
0.014500
0.419050
0.329150
0.014500
0.733514
0.312260
0.014500
0.455857
0.312840
0.014500
0.492872
0.297853
0.014500
0.690270
0.292100
0.014500
0.529610
0.285511
0.014500
0.645563
0.278829
0.014500
0.565581
0.277136
0.014500
0.600300
0.274050
0.014500
0.288283
0.497164
-0.014500
0.205749
0.495610
-0.014500
0.252300
0.500250
-0.014500
0.324754
0.488789
-0.014500
0.160382
0.482618
-0.014500
0.361502
0.476447
-0.014500
0.812000
0.366850
-0.014500
0.773070
0.457608
-0.014500
0.812000
0.487200
-0.014500
0.116684
0.462666
-0.014500
0.398321
0.461460
-0.014500
0.075145
0.437146
-0.014500
0.435000
0.445150
-0.014500
0.731983
0.431079
-0.014500
0.471331
0.428840
-0.014500
0.036250
0.407450
-0.014500
0.690061
0.409631
-0.014500
0.507106
0.413853
-0.014500
0.542114
0.401511
-0.014500
0.648626
0.395282
-0.014500
0.077569
0.317805
-0.014500
0.036250
0.287100
-0.014500
0.118332
0.344474
-0.014500
0.159024
0.365504
-0.014500
0.200135
0.379297
-0.014500
0.242150
0.384250
-0.014500
0.576149
0.393136
-0.014500
0.609000
0.390050
-0.014500
0.275164
0.381164
-0.014500
0.309639
0.372789
-0.014500
0.345297
0.360447
-0.014500
0.774393
0.337711
-0.014500
0.381860
0.345460
-0.014500
0.419050
0.329150
-0.014500
0.733514
0.312260
-0.014500
0.455857
0.312840
-0.014500
0.492872
0.297853
-0.014500
0.690270
0.292100
-0.014500
0.529610
0.285511
-0.014500
0.645563
0.278829
-0.014500
0.565581
0.277136
-0.014500
0.600300
0.274050
-0.014500
0.075145
0.437146
0.014500
0.116684
0.462666
0.014500
0.116684
0.462666
-0.014500
0.075145
0.437146
-0.014500
0.160382
0.482618
0.014500
0.160382
0.482618
-0.014500
0.205749
0.495610
0.014500
0.205749
0.495610
-0.014500
0.252300
0.500250
0.014500
0.252300
0.500250
-0.014500
0.288283
0.497164
0.014500
0.288283
0.497164
-0.014500
0.324754
0.488789
0.014500
0.324754
0.488789
-0.014500
0.361502
0.476447
0.014500
0.361502
0.476447
-0.014500
0.398321
0.461460
0.014500
0.398321
0.461460
-0.014500
0.435000
0.445150
0.014500
0.435000
0.445150
-0.014500
0.471331
0.428840
0.014500
0.471331
0.428840
-0.014500
0.507106
0.413853
0.014500
0.507106
0.413853
-0.014500
0.542114
0.401511
0.014500
0.542114
0.401511
-0.014500
0.576149
0.393136
0.014500
0.576149
0.393136
-0.014500
0.609000
0.390050
0.014500
0.609000
0.390050
-0.014500
0.648626
0.395282
0.014500
0.648626
0.395282
-0.014500
0.690061
0.409631
0.014500
0.690061
0.409631
-0.014500
0.731983
0.431079
0.014500
0.731983
0.431079
-0.014500
0.773070
0.457608
0.014500
0.773070
0.457608
-0.014500
0.812000
0.487200
0.014500
0.812000
0.487200
-0.014500
0.812000
0.366850
0.014500
0.812000
0.366850
-0.014500
0.774393
0.337711
0.014500
0.774393
0.337711
-0.014500
0.733514
0.312260
0.014500
0.733514
0.312260
-0.014500
0.690270
0.292100
0.014500
0.690270
0.292100
-0.014500
0.645563
0.278829
0.014500
0.645563
0.278829
-0.014500
0.600300
0.274050
0.014500
0.600300
0.274050
-0.014500
0.565581
0.277136
0.014500
0.565581
0.277136
-0.014500
0.529610
0.285511
0.014500
0.529610
0.285511
-0.014500
0.492872
0.297853
0.014500
0.492872
0.297853
-0.014500
0.455857
0.312840
0.014500
0.455857
0.312840
-0.014500
0.419050
0.329150
0.014500
0.419050
0.329150
-0.014500
0.381860
0.345460
0.014500
0.381860
0.345460
-0.014500
0.345297
0.360447
0.014500
0.345297
0.360447
-0.014500
0.309639
0.372789
0.014500
0.309639
0.372789
-0.014500
0.275164
0.381164
0.014500
0.275164
0.381164
-0.014500
0.242150
0.384250
0.014500
0.242150
0.384250
-0.014500
0.200135
0.379297
0.014500
0.200135
0.379297
-0.014500
0.159024
0.365504
0.014500
0.159024
0.365504
-0.014500
0.118332
0.344474
0.014500
0.118332
0.344474
-0.014500
0.077569
0.317805
0.014500
0.077569
0.317805
-0.014500
0.036250
0.287100
0.014500
0.036250
0.287100
-0.014500
0.036250
0.407450
0.014500
0.036250
0.407450
-0.014500
