E2::qtgl/buffer/indices/triangles/text
320
0
1
2
3
4
5
6
7
8
9
10
11
12
13
14
15
16
17
18
19
20
21
22
23
24
25
26
27
28
29
30
31
32
33
34
35
36
37
38
39
40
41
42
43
44
45
46
47
48
49
50
51
52
53
54
55
56
57
58
59
60
61
62
63
64
60
59
65
63
60
64
61
64
66
61
63
65
64
65
67
64
64
67
66
67
68
66
59
58
65
58
69
65
65
69
67
69
70
67
67
70
68
70
71
68
72
73
74
75
76
72
56
77
75
72
76
73
76
78
73
75
77
76
77
79
76
76
79
78
79
80
78
56
55
77
55
81
77
77
81
79
81
82
79
79
82
80
82
83
80
84
85
86
87
88
84
53
89
87
84
88
85
88
90
85
87
89
88
89
91
88
88
91
90
91
92
90
53
52
89
52
93
89
89
93
91
93
94
91
91
94
92
94
95
92
96
97
98
99
100
96
50
101
99
96
100
97
100
102
97
99
101
100
101
103
100
100
103
102
103
104
102
50
49
101
49
105
101
101
105
103
105
106
103
103
106
104
106
107
104
108
109
110
111
112
108
47
113
111
108
112
109
112
114
109
111
113
112
113
115
112
112
115
114
115
116
114
47
46
113
46
117
113
113
117
115
117
118
115
115
118
116
118
119
116
120
121
122
123
124
120
44
125
123
120
124
121
124
126
121
123
125
124
125
127
124
124
127
126
127
128
126
44
43
125
43
129
125
125
129
127
129
130
127
127
130
128
130
131
128
132
133
134
135
136
132
41
137
135
132
136
133
136
138
133
135
137
136
137
139
136
136
139
138
139
140
138
41
40
137
40
141
137
137
141
139
141
142
139
139
142
140
142
143
140
144
145
146
147
148
144
38
149
147
144
148
145
148
150
145
147
149
148
149
151
148
148
151
150
151
152
150
38
37
149
37
153
149
149
153
151
153
154
151
151
154
152
154
155
152
156
157
158
159
160
156
35
161
159
156
160
157
160
162
157
159
161
160
161
163
160
160
163
162
163
164
162
35
34
161
34
165
161
161
165
163
165
166
163
163
166
164
166
167
164
168
169
170
171
172
168
32
173
171
168
172
169
172
174
169
171
173
172
173
175
172
172
175
174
175
176
174
32
31
173
31
177
173
173
177
175
177
178
175
175
178
176
178
179
176
180
181
182
183
184
180
29
185
183
180
184
181
184
186
181
183
185
184
185
187
184
184
187
186
187
188
186
29
28
185
28
189
185
185
189
187
189
190
187
187
190
188
190
191
188
192
193
194
195
196
192
26
197
195
192
196
193
196
198
193
195
197
196
197
199
196
196
199
198
199
200
198
26
25
197
25
201
197
197
201
199
201
202
199
199
202
200
202
203
200
204
205
206
207
208
204
23
209
207
204
208
205
208
210
205
207
209
208
209
211
208
208
211
210
211
212
210
23
22
209
22
213
209
209
213
211
213
214
211
211
214
212
214
215
212
216
217
218
219
220
216
20
221
219
216
220
217
220
222
217
219
221
220
221
223
220
220
223
222
223
224
222
20
19
221
19
225
221
221
225
223
225
226
223
223
226
224
226
227
224
228
229
230
231
232
228
17
233
231
228
232
229
232
234
229
231
233
232
233
235
232
232
235
234
235
236
234
17
16
233
16
237
233
233
237
235
237
238
235
235
238
236
238
239
236
240
241
242
243
244
240
14
245
243
240
244
241
244
246
241
243
245
244
245
247
244
244
247
246
247
248
246
14
13
245
13
249
245
245
249
247
249
250
247
247
250
248
250
251
248
252
253
254
255
256
252
11
257
255
252
256
253
256
258
253
255
257
256
257
259
256
256
259
258
259
260
258
11
10
257
10
261
257
257
261
259
261
262
259
259
262
260
262
263
260
264
265
266
267
268
264
8
269
267
264
268
265
268
270
265
267
269
268
269
271
268
268
271
270
271
272
270
8
7
269
7
273
269
269
273
271
273
274
271
271
274
272
274
275
272
276
277
278
279
280
276
5
281
279
276
280
277
280
282
277
279
281
280
281
283
280
280
283
282
283
284
282
5
4
281
4
285
281
281
285
283
285
286
283
283
286
284
286
287
284
288
289
290
291
292
288
2
293
291
288
292
289
292
294
289
291
293
292
293
295
292
292
295
294
295
296
294
2
1
293
1
297
293
293
297
295
297
298
295
295
298
296
298
299
296
