E2::qtgl/buffer/normals/3d/text
300
0.000000
0.000000
-1.000000
0.210944
-0.153264
-0.965392
-0.080569
-0.247963
-0.965392
0.723594
-0.525712
-0.447218
0.604205
-0.438978
-0.664968
0.815180
-0.285714
-0.503800
0.000000
0.000000
-1.000000
-0.080569
-0.247963
-0.965392
-0.260750
0.000000
-0.965392
0.000000
0.000000
-1.000000
-0.260750
0.000000
-0.965392
-0.080569
0.247963
-0.965392
0.000000
0.000000
-1.000000
-0.080569
0.247963
-0.965392
0.210944
0.153264
-0.965392
0.723594
-0.525712
-0.447218
0.815180
-0.285714
-0.503800
0.864986
-0.438978
-0.243049
-0.276376
-0.850642
-0.447218
-0.019837
-0.863552
-0.503800
-0.150212
-0.958281
-0.243049
-0.894406
0.000000
-0.447188
-0.827448
-0.247963
-0.503800
-0.957823
-0.153264
-0.243049
-0.276376
0.850642
-0.447218
-0.491531
0.710288
-0.503800
-0.441725
0.863582
-0.243049
0.723594
0.525712
-0.447218
0.523637
0.686972
-0.503800
0.684805
0.686972
-0.243049
0.723594
-0.525712
-0.447218
0.864986
-0.438978
-0.243049
0.684805
-0.686972
-0.243049
-0.276376
-0.850642
-0.447218
-0.150212
-0.958281
-0.243049
-0.441725
-0.863582
-0.243049
-0.894406
0.000000
-0.447188
-0.957823
-0.153264
-0.243049
-0.957823
0.153264
-0.243049
-0.276376
0.850642
-0.447218
-0.441725
0.863582
-0.243049
-0.150212
0.958281
-0.243049
0.723594
0.525712
-0.447218
0.684805
0.686972
-0.243049
0.864986
0.438978
-0.243049
0.276376
-0.850642
0.447218
0.491531
-0.710288
0.503800
0.230781
-0.710288
0.664968
-0.723594
-0.525712
0.447218
-0.523637
-0.686972
0.503800
-0.604205
-0.438978
0.664968
-0.723594
0.525712
0.447218
-0.815180
0.285714
0.503800
-0.604205
0.438978
0.664968
0.276376
0.850642
0.447218
0.019837
0.863552
0.503800
0.230781
0.710288
0.664968
0.894406
0.000000
0.447188
0.827448
0.247963
0.503800
0.746849
0.000000
0.664968
0.260750
0.000000
0.965392
0.080569
0.247963
0.965392
0.000000
0.000000
1.000000
0.525712
0.000000
0.850642
0.368206
0.267495
0.890408
0.631733
0.267495
0.727531
0.162450
0.499985
0.850642
0.449629
0.518143
0.727531
0.230781
0.710288
0.664968
0.688162
0.499985
0.525712
0.491531
0.710288
0.503800
0.276376
0.850642
0.447218
0.080569
0.247963
0.965392
-0.210944
0.153264
0.965392
0.000000
0.000000
1.000000
0.162450
0.499985
0.850642
-0.140629
0.432844
0.890408
-0.059206
0.683493
0.727531
-0.425306
0.309000
0.850642
-0.353832
0.587725
0.727531
-0.604205
0.438978
0.664968
-0.262856
0.808985
0.525712
-0.523637
0.686972
0.503800
-0.723594
0.525712
0.447218
-0.210944
0.153264
0.965392
-0.210944
-0.153264
0.965392
0.000000
0.000000
1.000000
-0.425306
0.309000
0.850642
-0.455123
0.000000
0.890408
-0.668325
0.154881
0.727531
-0.425306
-0.309000
0.850642
-0.668325
-0.154881
0.727531
-0.604205
-0.438978
0.664968
-0.850642
0.000000
0.525712
-0.815180
-0.285714
0.503800
-0.723594
-0.525712
0.447218
-0.210944
-0.153264
0.965392
0.080569
-0.247963
0.965392
0.000000
0.000000
1.000000
-0.425306
-0.309000
0.850642
-0.140629
-0.432844
0.890408
-0.353832
-0.587725
0.727531
0.162450
-0.499985
0.850642
-0.059206
-0.683493
0.727531
0.230781
-0.710288
0.664968
-0.262856
-0.808985
0.525712
0.019837
-0.863552
0.503800
0.276376
-0.850642
0.447218
0.080569
-0.247963
0.965392
0.260750
0.000000
0.965392
0.000000
0.000000
1.000000
0.162450
-0.499985
0.850642
0.368206
-0.267495
0.890408
0.449629
-0.518143
0.727531
0.525712
0.000000
0.850642
0.631733
-0.267495
0.727531
0.746849
0.000000
0.664968
0.688162
-0.499985
0.525712
0.827448
-0.247963
0.503800
0.894406
0.000000
0.447188
0.957823
0.153264
0.243049
0.827448
0.247963
0.503800
0.894406
0.000000
0.447188
0.951048
0.309000
0.000000
0.859310
0.432844
0.272408
0.808985
0.587756
0.008850
0.688162
0.499985
0.525712
0.677206
0.683493
0.272408
0.491531
0.710288
0.503800
0.587756
0.809015
0.000000
0.441725
0.863582
0.243049
0.276376
0.850642
0.447218
0.150212
0.958281
0.243049
0.019837
0.863552
0.503800
0.276376
0.850642
0.447218
0.000000
1.000000
0.000000
-0.146123
0.950987
0.272408
-0.309000
0.951018
0.008850
-0.262856
0.808985
0.525712
-0.440748
0.855251
0.272408
-0.523637
0.686972
0.503800
-0.587756
0.809015
0.000000
-0.684805
0.686972
0.243049
-0.723594
0.525712
0.447218
-0.864986
0.438978
0.243049
-0.815180
0.285714
0.503800
-0.723594
0.525712
0.447218
-0.951048
0.309000
0.000000
-0.949614
0.154881
0.272408
-0.999939
0.000000
0.008850
-0.850642
0.000000
0.525712
-0.949614
-0.154881
0.272408
-0.815180
-0.285714
0.503800
-0.951048
-0.309000
0.000000
-0.864986
-0.438978
0.243049
-0.723594
-0.525712
0.447218
-0.684805
-0.686972
0.243049
-0.523637
-0.686972
0.503800
-0.723594
-0.525712
0.447218
-0.587756
-0.809015
0.000000
-0.440748
-0.855251
0.272408
-0.309000
-0.951018
0.008850
-0.262856
-0.808985
0.525712
-0.146123
-0.951018
0.272408
0.019837
-0.863552
0.503800
0.000000
-1.000000
0.000000
0.150212
-0.958281
0.243049
0.276376
-0.850642
0.447218
0.441725
-0.863582
0.243049
0.491531
-0.710288
0.503800
0.276376
-0.850642
0.447218
0.587756
-0.809015
0.000000
0.677206
-0.683493
0.272408
0.808985
-0.587756
0.008850
0.688162
-0.499985
0.525712
0.859310
-0.432844
0.272408
0.827448
-0.247963
0.503800
0.951048
-0.309000
0.000000
0.957823
-0.153264
0.243049
0.894406
0.000000
0.447188
0.441725
0.863582
0.243049
0.150212
0.958281
0.243049
0.276376
0.850642
0.447218
0.587756
0.809015
0.000000
0.309000
0.951018
-0.008850
0.440748
0.855251
-0.272408
0.000000
1.000000
0.000000
0.146123
0.950987
-0.272408
-0.150212
0.958281
-0.243049
0.262856
0.808985
-0.525712
-0.019837
0.863552
-0.503800
-0.276376
0.850642
-0.447218
-0.684805
0.686972
0.243049
-0.864986
0.438978
0.243049
-0.723594
0.525712
0.447218
-0.587756
0.809015
0.000000
-0.808985
0.587756
-0.008850
-0.677206
0.683493
-0.272408
-0.951048
0.309000
0.000000
-0.859310
0.432844
-0.272408
-0.957823
0.153264
-0.243049
-0.688162
0.499985
-0.525712
-0.827448
0.247963
-0.503800
-0.894406
0.000000
-0.447188
-0.864986
-0.438978
0.243049
-0.684805
-0.686972
0.243049
-0.723594
-0.525712
0.447218
-0.951048
-0.309000
0.000000
-0.808985
-0.587756
-0.008850
-0.859310
-0.432844
-0.272408
-0.587756
-0.809015
0.000000
-0.677206
-0.683493
-0.272408
-0.441725
-0.863582
-0.243049
-0.688162
-0.499985
-0.525712
-0.491531
-0.710288
-0.503800
-0.276376
-0.850642
-0.447218
0.150212
-0.958281
0.243049
0.441725
-0.863582
0.243049
0.276376
-0.850642
0.447218
0.000000
-1.000000
0.000000
0.309000
-0.951018
-0.008850
0.146123
-0.950987
-0.272408
0.587756
-0.809015
0.000000
0.440748
-0.855251
-0.272408
0.684805
-0.686972
-0.243049
0.262856
-0.808985
-0.525712
0.523637
-0.686972
-0.503800
0.723594
-0.525712
-0.447218
0.957823
-0.153264
0.243049
0.957823
0.153264
0.243049
0.894406
0.000000
0.447188
0.951048
-0.309000
0.000000
0.999939
0.000000
-0.008850
0.949614
-0.154881
-0.272408
0.951048
0.309000
0.000000
0.949614
0.154881
-0.272408
0.864986
0.438978
-0.243049
0.850642
0.000000
-0.525712
0.815180
0.285714
-0.503800
0.723594
0.525712
-0.447218
0.604205
0.438978
-0.664968
0.523637
0.686972
-0.503800
0.723594
0.525712
-0.447218
0.425306
0.309000
-0.850642
0.353832
0.587725
-0.727531
0.140629
0.432844
-0.890408
0.262856
0.808985
-0.525712
0.059206
0.683493
-0.727531
-0.019837
0.863552
-0.503800
-0.162450
0.499985
-0.850642
-0.230781
0.710288
-0.664968
-0.276376
0.850642
-0.447218
-0.230781
0.710288
-0.664968
-0.491531
0.710288
-0.503800
-0.276376
0.850642
-0.447218
-0.162450
0.499985
-0.850642
-0.449629
0.518143
-0.727531
-0.368206
0.267495
-0.890408
-0.688162
0.499985
-0.525712
-0.631733
0.267495
-0.727531
-0.827448
0.247963
-0.503800
-0.525712
0.000000
-0.850642
-0.746849
0.000000
-0.664968
-0.894406
0.000000
-0.447188
-0.746849
0.000000
-0.664968
-0.827448
-0.247963
-0.503800
-0.894406
0.000000
-0.447188
-0.525712
0.000000
-0.850642
-0.631733
-0.267495
-0.727531
-0.368206
-0.267495
-0.890408
-0.688162
-0.499985
-0.525712
-0.449629
-0.518143
-0.727531
-0.491531
-0.710288
-0.503800
-0.162450
-0.499985
-0.850642
-0.230781
-0.710288
-0.664968
-0.276376
-0.850642
-0.447218
0.815180
0.285714
-0.503800
0.604205
0.438978
-0.664968
0.723594
0.525712
-0.447218
0.850642
0.000000
-0.525712
0.668325
0.154881
-0.727531
0.668325
-0.154881
-0.727531
0.425306
0.309000
-0.850642
0.455123
0.000000
-0.890408
0.210944
0.153264
-0.965392
0.425306
-0.309000
-0.850642
0.210944
-0.153264
-0.965392
0.000000
0.000000
-1.000000
-0.230781
-0.710288
-0.664968
-0.019837
-0.863552
-0.503800
-0.276376
-0.850642
-0.447218
-0.162450
-0.499985
-0.850642
0.059206
-0.683493
-0.727531
0.140629
-0.432844
-0.890408
0.262856
-0.808985
-0.525712
0.353832
-0.587725
-0.727531
0.523637
-0.686972
-0.503800
0.425306
-0.309000
-0.850642
0.604205
-0.438978
-0.664968
0.723594
-0.525712
-0.447218
