E2::qtgl/buffer/texcoords/2d/0/text
300
0.318008
0.491734
0.280047
0.444319
0.353954
0.442969
0.990445
0.766684
0.965109
0.820954
0.927285
0.761638
0.664384
0.492755
0.627794
0.444410
0.701713
0.444905
0.141486
0.982874
0.105290
0.934270
0.179204
0.935291
0.498117
0.986363
0.461125
0.938285
0.535046
0.938243
0.989800
0.728228
0.926884
0.735463
0.962323
0.674874
0.457154
0.235661
0.394145
0.242152
0.430402
0.181987
0.808113
0.240544
0.744946
0.245515
0.782851
0.186244
0.289486
0.729141
0.226356
0.734511
0.263831
0.675001
0.634010
0.729869
0.570989
0.736263
0.607351
0.676153
0.144684
0.240431
0.106878
0.192907
0.180790
0.191767
0.493224
0.242724
0.456605
0.194396
0.530526
0.194853
0.849750
0.236721
0.813393
0.188222
0.887308
0.189027
0.325131
0.732490
0.288437
0.684211
0.362358
0.684569
0.673302
0.738125
0.635673
0.690478
0.709589
0.689579
0.280641
0.487102
0.217671
0.493922
0.253567
0.433569
0.627749
0.488964
0.564768
0.495689
0.600767
0.435390
0.990771
0.480500
0.927792
0.487243
0.963771
0.426933
0.458189
0.982144
0.395023
0.987131
0.432911
0.927850
0.813178
0.977170
0.750131
0.983326
0.786753
0.923355
0.711346
0.802849
0.637426
0.803213
0.674114
0.754933
0.751687
0.861662
0.674715
0.861219
0.714320
0.924512
0.597753
0.862420
0.635828
0.924899
0.563387
0.924455
0.675424
0.986547
0.600685
0.984062
0.537571
0.978528
0.360079
0.805971
0.286166
0.804966
0.323872
0.757375
0.399163
0.865520
0.322216
0.863651
0.360469
0.927665
0.245244
0.863427
0.281984
0.926598
0.209567
0.924814
0.320263
0.988968
0.245592
0.985099
0.182608
0.978398
0.887081
0.307137
0.813169
0.308191
0.849339
0.259570
0.928048
0.365571
0.851076
0.365846
0.891356
0.428766
0.774132
0.367766
0.812873
0.429885
0.740431
0.430118
0.853125
0.491161
0.778364
0.489374
0.715195
0.484429
0.524117
0.315571
0.450204
0.316603
0.486390
0.267994
0.565064
0.374017
0.488092
0.374269
0.528350
0.437201
0.411146
0.376166
0.449866
0.438297
0.377424
0.438509
0.490098
0.499585
0.415337
0.497776
0.352169
0.492812
0.176710
0.313865
0.102799
0.315009
0.138902
0.266345
0.217758
0.372249
0.140786
0.372618
0.181153
0.435489
0.063843
0.374631
0.102671
0.436704
0.030229
0.437024
0.143008
0.497931
0.068244
0.496234
0.005067
0.491366
0.782620
0.567802
0.744828
0.508467
0.807986
0.513544
0.748770
0.630085
0.710177
0.567883
0.671819
0.631843
0.670071
0.506522
0.631690
0.568838
0.595393
0.510284
0.594845
0.631957
0.559269
0.570519
0.532397
0.516895
0.437752
0.564055
0.401123
0.504086
0.464172
0.510237
0.402693
0.625752
0.365320
0.562904
0.325721
0.626201
0.326417
0.500870
0.286827
0.562523
0.251678
0.503361
0.248758
0.625005
0.214386
0.562971
0.188565
0.508900
0.963534
0.068970
0.927322
0.008781
0.990326
0.015312
0.928049
0.130454
0.891112
0.067382
0.851076
0.130438
0.852640
0.005115
0.812625
0.066527
0.777887
0.007155
0.774125
0.128778
0.740183
0.066539
0.714737
0.012313
0.606106
0.074439
0.569570
0.014421
0.632609
0.020656
0.570951
0.136089
0.533675
0.073191
0.493979
0.136436
0.494868
0.011106
0.455183
0.072706
0.420126
0.013498
0.417018
0.135137
0.382741
0.073058
0.357004
0.018953
0.253367
0.069752
0.215354
0.010540
0.278531
0.015411
0.219749
0.132145
0.180925
0.070070
0.142805
0.134155
0.140589
0.008841
0.102442
0.071281
0.065927
0.012846
0.065832
0.134520
0.030028
0.073198
0.002957
0.019664
0.531423
0.555930
0.457505
0.556574
0.493983
0.508154
0.572019
0.614592
0.495045
0.614440
0.534925
0.677584
0.418088
0.615932
0.456435
0.678267
0.383992
0.678098
0.496298
0.739766
0.421549
0.737564
0.358411
0.732268
0.190151
0.553564
0.116231
0.553008
0.153605
0.505188
0.229649
0.612876
0.152690
0.611475
0.191389
0.675256
0.075716
0.611718
0.112897
0.674666
0.040468
0.673321
0.151609
0.736802
0.076913
0.733387
0.013884
0.727067
0.710055
0.064344
0.636141
0.063321
0.673862
0.015737
0.749122
0.123904
0.672174
0.122016
0.710409
0.186041
0.595201
0.121773
0.631923
0.184954
0.559506
0.183152
0.670185
0.247334
0.595514
0.243447
0.532531
0.236729
0.354263
0.061881
0.280346
0.062639
0.316740
0.014163
0.394961
0.120480
0.317988
0.120447
0.357978
0.183529
0.241034
0.122058
0.279489
0.184334
0.207046
0.184277
0.319460
0.245771
0.244707
0.243684
0.181560
0.238486
0.884565
0.555678
0.810664
0.557308
0.846398
0.508406
0.926052
0.613791
0.849086
0.614666
0.889926
0.677271
0.772161
0.617186
0.811456
0.679002
0.739018
0.679800
0.852254
0.739963
0.777480
0.738758
0.714269
0.734306
0.609691
0.817324
0.572691
0.757556
0.635777
0.763365
0.575015
0.879209
0.537253
0.816565
0.498047
0.880075
0.497966
0.754745
0.458760
0.816610
0.423244
0.757641
0.421079
0.879297
0.386323
0.817452
0.360166
0.763522
0.255833
0.815461
0.219822
0.755167
0.282805
0.761882
0.220141
0.876839
0.183415
0.813660
0.143168
0.876598
0.145151
0.751282
0.104930
0.812576
0.070391
0.753103
0.066221
0.874712
0.032488
0.812375
0.007224
0.758076
0.777364
0.324532
0.740864
0.264497
0.803899
0.270764
0.742173
0.386163
0.704934
0.323247
0.665200
0.386470
0.666164
0.261144
0.626443
0.322722
0.591420
0.263496
0.588241
0.385133
0.554000
0.323037
0.528294
0.268919
0.777853
0.763528
0.741763
0.823780
0.714862
0.770170
0.852528
0.759730
0.814182
0.822063
0.892667
0.821070
0.777373
0.885200
0.854345
0.885048
0.818232
0.943699
0.931293
0.883252
0.892146
0.942764
0.855887
0.991327
0.426132
0.320751
0.387926
0.261648
0.451118
0.266340
0.392718
0.383238
0.353691
0.321274
0.315782
0.385466
0.313157
0.260161
0.275213
0.322708
0.238508
0.264378
0.238812
0.386050
0.202807
0.324831
0.175561
0.271374
