208
0.169778
0.156496
0.014500
0.224622
0.156496
0.014500
0.197200
0.160950
0.014500
0.145905
0.144107
0.014500
0.248495
0.144107
0.014500
0.127043
0.125245
0.014500
0.267357
0.125245
0.014500
0.114654
0.101372
0.014500
0.279746
0.101372
0.014500
0.110200
0.073950
0.014500
0.284200
0.073950
0.014500
0.114654
0.046528
0.014500
0.279746
0.046528
0.014500
0.127043
0.022655
0.014500
0.267357
0.022655
0.014500
0.145905
0.003793
0.014500
0.248495
0.003793
0.014500
0.169778
-0.008596
0.014500
0.224622
-0.008596
0.014500
0.197200
-0.013050
0.014500
0.166147
0.993412
0.014500
0.225353
0.993412
0.014500
0.195750
1.001950
0.014500
0.143364
0.967753
0.014500
0.248136
0.967753
0.014500
0.127264
0.924903
0.014500
0.264236
0.924903
0.014500
0.117705
0.864792
0.014500
0.273795
0.864792
0.014500
0.114550
0.787350
0.014500
0.276950
0.787350
0.014500
0.114898
0.750474
0.014500
0.276602
0.750474
0.014500
0.115942
0.716451
0.014500
0.275558
0.716451
0.014500
0.117682
0.685351
0.014500
0.273818
0.685351
0.014500
0.120118
0.657245
0.014500
0.271382
0.657244
0.014500
0.123250
0.632200
0.014500
0.268250
0.632200
0.014500
0.159500
0.382800
0.014500
0.232000
0.382800
0.014500
0.164801
0.348800
0.014500
0.226699
0.348800
0.014500
0.170590
0.323083
0.014500
0.220910
0.323083
0.014500
0.177352
0.305231
0.014500
0.214148
0.305231
0.014500
0.185577
0.294826
0.014500
0.205923
0.294826
0.014500
0.195750
0.291450
0.014500
0.224622
0.156496
-0.014500
0.169778
0.156496
-0.014500
0.197200
0.160950
-0.014500
0.145905
0.144107
-0.014500
0.248495
0.144107
-0.014500
0.127043
0.125245
-0.014500
0.267357
0.125245
-0.014500
0.114654
0.101372
-0.014500
0.279746
0.101372
-0.014500
0.110200
0.073950
-0.014500
0.284200
0.073950
-0.014500
0.114654
0.046528
-0.014500
0.279746
0.046528
-0.014500
0.127043
0.022655
-0.014500
0.267357
0.022655
-0.014500
0.145905
0.003793
-0.014500
0.248495
0.003793
-0.014500
0.169778
-0.008596
-0.014500
0.224622
-0.008596
-0.014500
0.197200
-0.013050
-0.014500
0.225353
0.993412
-0.014500
0.166147
0.993412
-0.014500
0.195750
1.001950
-0.014500
0.143364
0.967753
-0.014500
0.248136
0.967753
-0.014500
0.127264
0.924903
-0.014500
0.264236
0.924903
-0.014500
0.117705
0.864792
-0.014500
0.273795
0.864792
-0.014500
0.114550
0.787350
-0.014500
0.276950
0.787350
-0.014500
0.114898
0.750474
-0.014500
0.276602
0.750474
-0.014500
0.115942
0.716451
-0.014500
0.275558
0.716451
-0.014500
0.117682
0.685351
-0.014500
0.273818
0.685351
-0.014500
0.120118
0.657245
-0.014500
0.271382
0.657244
-0.014500
0.123250
0.632200
-0.014500
0.268250
0.632200
-0.014500
0.159500
0.382800
-0.014500
0.232000
0.382800
-0.014500
0.164801
0.348800
-0.014500
0.226699
0.348800
-0.014500
0.170590
0.323083
-0.014500
0.220910
0.323083
-0.014500
0.177352
0.305231
-0.014500
0.214148
0.305231
-0.014500
0.185577
0.294826
-0.014500
0.205923
0.294826
-0.014500
0.195750
0.291450
-0.014500
0.225353
0.993412
0.014500
0.248136
0.967753
0.014500
0.248136
0.967753
-0.014500
0.225353
0.993412
-0.014500
0.264236
0.924903
0.014500
0.264236
0.924903
-0.014500
0.273795
0.864792
0.014500
0.273795
0.864792
-0.014500
0.276950
0.787350
0.014500
0.276950
0.787350
-0.014500
0.276602
0.750474
0.014500
0.276602
0.750474
-0.014500
0.275558
0.716451
0.014500
0.275558
0.716451
-0.014500
0.273818
0.685351
0.014500
0.273818
0.685351
-0.014500
0.271382
0.657244
0.014500
0.271382
0.657244
-0.014500
0.268250
0.632200
0.014500
0.268250
0.632200
-0.014500
0.232000
0.382800
0.014500
0.232000
0.382800
-0.014500
0.226699
0.348800
0.014500
0.226699
0.348800
-0.014500
0.220910
0.323083
0.014500
0.220910
0.323083
-0.014500
0.214148
0.305231
0.014500
0.214148
0.305231
-0.014500
0.205923
0.294826
0.014500
0.205923
0.294826
-0.014500
0.195750
0.291450
0.014500
0.195750
0.291450
-0.014500
0.185577
0.294826
0.014500
0.185577
0.294826
-0.014500
0.177352
0.305231
0.014500
0.177352
0.305231
-0.014500
0.170590
0.323083
0.014500
0.170590
0.323083
-0.014500
0.164801
0.348800
0.014500
0.164801
0.348800
-0.014500
0.159500
0.382800
0.014500
0.159500
0.382800
-0.014500
0.123250
0.632200
0.014500
0.123250
0.632200
-0.014500
0.120118
0.657245
0.014500
0.120118
0.657245
-0.014500
0.117682
0.685351
0.014500
0.117682
0.685351
-0.014500
0.115942
0.716451
0.014500
0.115942
0.716451
-0.014500
0.114898
0.750474
0.014500
0.114898
0.750474
-0.014500
0.114550
0.787350
0.014500
0.114550
0.787350
-0.014500
0.117705
0.864792
0.014500
0.117705
0.864792
-0.014500
0.127264
0.924903
0.014500
0.127264
0.924903
-0.014500
0.143364
0.967753
0.014500
0.143364
0.967753
-0.014500
0.166147
0.993412
0.014500
0.166147
0.993412
-0.014500
0.195750
1.001950
0.014500
0.195750
1.001950
-0.014500
0.279746
0.046528
0.014500
0.267357
0.022655
0.014500
0.267357
0.022655
-0.014500
0.279746
0.046528
-0.014500
0.248495
0.003793
0.014500
0.248495
0.003793
-0.014500
0.224622
-0.008596
0.014500
0.224622
-0.008596
-0.014500
0.197200
-0.013050
0.014500
0.197200
-0.013050
-0.014500
0.169778
-0.008596
0.014500
0.169778
-0.008596
-0.014500
0.145905
0.003793
0.014500
0.145905
0.003793
-0.014500
0.127043
0.022655
0.014500
0.127043
0.022655
-0.014500
0.114654
0.046528
0.014500
0.114654
0.046528
-0.014500
0.110200
0.073950
0.014500
0.110200
0.073950
-0.014500
0.114654
0.101372
0.014500
0.114654
0.101372
-0.014500
0.127043
0.125245
0.014500
0.127043
0.125245
-0.014500
0.145905
0.144107
0.014500
0.145905
0.144107
-0.014500
0.169778
0.156496
0.014500
0.169778
0.156496
-0.014500
0.197200
0.160950
0.014500
0.197200
0.160950
-0.014500
0.224622
0.156496
0.014500
0.224622
0.156496
-0.014500
0.248495
0.144107
0.014500
0.248495
0.144107
-0.014500
0.267357
0.125245
0.014500
0.267357
0.125245
-0.014500
0.279746
0.101372
0.014500
0.279746
0.101372
-0.014500
0.284200
0.073950
0.014500
0.284200
0.073950
-0.014500
