160
0.285499
0.647524
0.014500
0.511003
0.648080
0.014500
0.395850
0.664100
0.014500
0.608200
0.602759
0.014500
0.190948
0.601089
0.014500
0.683055
0.532243
0.014500
0.117206
0.529737
0.014500
0.394400
0.548100
0.014500
0.325763
0.537602
0.014500
0.467028
0.537590
0.014500
0.267774
0.507964
0.014500
0.528241
0.507871
0.014500
0.731183
0.440638
0.014500
0.069287
0.438410
0.014500
0.223080
0.461970
0.014500
0.575325
0.461657
0.014500
0.194323
0.402404
0.014500
0.605566
0.401662
0.014500
0.748200
0.332050
0.014500
0.052200
0.332050
0.014500
0.184150
0.332050
0.014500
0.616250
0.330600
0.014500
0.068730
0.219321
0.014500
0.194045
0.255328
0.014500
0.731601
0.217094
0.014500
0.606262
0.252915
0.014500
0.222244
0.191899
0.014500
0.577413
0.189706
0.014500
0.115536
0.124132
0.014500
0.684307
0.121626
0.014500
0.266522
0.143921
0.014500
0.531373
0.142576
0.014500
0.324649
0.113552
0.014500
0.469812
0.113123
0.014500
0.188442
0.050796
0.014500
0.610079
0.049126
0.014500
0.394400
0.102950
0.014500
0.283272
0.003631
0.014500
0.512674
0.003074
0.014500
0.395850
-0.013050
0.014500
0.511003
0.648080
-0.014500
0.285499
0.647524
-0.014500
0.395850
0.664100
-0.014500
0.608200
0.602759
-0.014500
0.190948
0.601089
-0.014500
0.683055
0.532243
-0.014500
0.394400
0.548100
-0.014500
0.117206
0.529737
-0.014500
0.325763
0.537602
-0.014500
0.467028
0.537590
-0.014500
0.267774
0.507964
-0.014500
0.528241
0.507871
-0.014500
0.731183
0.440638
-0.014500
0.069287
0.438410
-0.014500
0.223080
0.461970
-0.014500
0.575325
0.461657
-0.014500
0.194323
0.402404
-0.014500
0.605566
0.401662
-0.014500
0.748200
0.332050
-0.014500
0.052200
0.332050
-0.014500
0.184150
0.332050
-0.014500
0.616250
0.330600
-0.014500
0.068730
0.219321
-0.014500
0.194045
0.255328
-0.014500
0.731601
0.217094
-0.014500
0.606262
0.252915
-0.014500
0.222244
0.191899
-0.014500
0.577413
0.189706
-0.014500
0.115536
0.124132
-0.014500
0.684307
0.121626
-0.014500
0.266522
0.143921
-0.014500
0.531373
0.142576
-0.014500
0.324649
0.113552
-0.014500
0.469812
0.113123
-0.014500
0.188442
0.050796
-0.014500
0.610079
0.049126
-0.014500
0.394400
0.102950
-0.014500
0.283272
0.003631
-0.014500
0.512674
0.003074
-0.014500
0.395850
-0.013050
-0.014500
0.731601
0.217094
0.014500
0.684307
0.121626
0.014500
0.684307
0.121626
-0.014500
0.731601
0.217094
-0.014500
0.610079
0.049126
0.014500
0.610079
0.049126
-0.014500
0.512674
0.003074
0.014500
0.512674
0.003074
-0.014500
0.395850
-0.013050
0.014500
0.395850
-0.013050
-0.014500
0.283272
0.003631
0.014500
0.283272
0.003631
-0.014500
0.188442
0.050796
0.014500
0.188442
0.050796
-0.014500
0.115536
0.124132
0.014500
0.115536
0.124132
-0.014500
0.068730
0.219321
0.014500
0.068730
0.219321
-0.014500
0.052200
0.332050
0.014500
0.052200
0.332050
-0.014500
0.069287
0.438410
0.014500
0.069287
0.438410
-0.014500
0.117206
0.529737
0.014500
0.117206
0.529737
-0.014500
0.190948
0.601089
0.014500
0.190948
0.601089
-0.014500
0.285499
0.647524
0.014500
0.285499
0.647524
-0.014500
0.395850
0.664100
0.014500
0.395850
0.664100
-0.014500
0.511003
0.648080
0.014500
0.511003
0.648080
-0.014500
0.608200
0.602759
0.014500
0.608200
0.602759
-0.014500
0.683055
0.532243
0.014500
0.683055
0.532243
-0.014500
0.731183
0.440638
0.014500
0.731183
0.440638
-0.014500
0.748200
0.332050
0.014500
0.748200
0.332050
-0.014500
0.194045
0.255328
0.014500
0.222244
0.191899
0.014500
0.222244
0.191899
-0.014500
0.194045
0.255328
-0.014500
0.266522
0.143921
0.014500
0.266522
0.143921
-0.014500
0.324649
0.113552
0.014500
0.324649
0.113552
-0.014500
0.394400
0.102950
0.014500
0.394400
0.102950
-0.014500
0.469812
0.113123
0.014500
0.469812
0.113123
-0.014500
0.531373
0.142576
0.014500
0.531373
0.142576
-0.014500
0.577413
0.189706
0.014500
0.577413
0.189706
-0.014500
0.606262
0.252915
0.014500
0.606262
0.252915
-0.014500
0.616250
0.330600
0.014500
0.616250
0.330600
-0.014500
0.605566
0.401662
0.014500
0.605566
0.401662
-0.014500
0.575325
0.461657
0.014500
0.575325
0.461657
-0.014500
0.528241
0.507871
0.014500
0.528241
0.507871
-0.014500
0.467028
0.537590
0.014500
0.467028
0.537590
-0.014500
0.394400
0.548100
0.014500
0.394400
0.548100
-0.014500
0.325763
0.537602
0.014500
0.325763
0.537602
-0.014500
0.267774
0.507964
0.014500
0.267774
0.507964
-0.014500
0.223080
0.461970
0.014500
0.223080
0.461970
-0.014500
0.194323
0.402404
0.014500
0.194323
0.402404
-0.014500
0.184150
0.332050
0.014500
0.184150
0.332050
-0.014500
