180
0.111650
0.000000
0.014500
0.253750
0.867100
0.014500
0.111650
0.988900
0.014500
0.361050
0.988900
0.014500
0.471668
0.976523
0.014500
0.561823
0.940690
0.014500
0.629149
0.883352
0.014500
0.345100
0.867100
0.014500
0.418064
0.860477
0.014500
0.671280
0.806455
0.014500
0.253750
0.556800
0.014500
0.472584
0.841255
0.014500
0.510052
0.810411
0.014500
0.531860
0.768918
0.014500
0.685850
0.711950
0.014500
0.539400
0.717750
0.014500
0.534366
0.669274
0.014500
0.678820
0.646816
0.014500
0.515481
0.625391
0.014500
0.658149
0.589338
0.014500
0.479683
0.589651
0.014500
0.423910
0.565604
0.014500
0.624463
0.540212
0.014500
0.345100
0.556800
0.014500
0.253750
0.429200
0.014500
0.578388
0.500134
0.014500
0.520550
0.469800
0.014500
0.570755
0.430302
0.014500
0.313200
0.429200
0.014500
0.355807
0.425163
0.014500
0.615252
0.383148
0.014500
0.253750
0.000000
0.014500
0.399318
0.408042
0.014500
0.447772
0.370318
0.014500
0.656688
0.328338
0.014500
0.505203
0.304477
0.014500
0.697705
0.265872
0.014500
0.575650
0.203000
0.014500
0.740950
0.195750
0.014500
0.706150
0.000000
0.014500
0.764579
0.158270
0.014500
0.786956
0.124549
0.014500
0.811002
0.089993
0.014500
0.839643
0.050008
0.014500
0.875800
0.000000
0.014500
0.253750
0.867100
-0.014500
0.111650
0.000000
-0.014500
0.111650
0.988900
-0.014500
0.361050
0.988900
-0.014500
0.471668
0.976523
-0.014500
0.561823
0.940690
-0.014500
0.629149
0.883352
-0.014500
0.345100
0.867100
-0.014500
0.418064
0.860477
-0.014500
0.671280
0.806455
-0.014500
0.253750
0.556800
-0.014500
0.472584
0.841255
-0.014500
0.510052
0.810411
-0.014500
0.531860
0.768918
-0.014500
0.685850
0.711950
-0.014500
0.539400
0.717750
-0.014500
0.534366
0.669274
-0.014500
0.678820
0.646816
-0.014500
0.515481
0.625391
-0.014500
0.658149
0.589338
-0.014500
0.479683
0.589651
-0.014500
0.423910
0.565604
-0.014500
0.624463
0.540212
-0.014500
0.345100
0.556800
-0.014500
0.253750
0.429200
-0.014500
0.578388
0.500134
-0.014500
0.520550
0.469800
-0.014500
0.570755
0.430302
-0.014500
0.313200
0.429200
-0.014500
0.355807
0.425163
-0.014500
0.615252
0.383148
-0.014500
0.253750
0.000000
-0.014500
0.399318
0.408042
-0.014500
0.447772
0.370318
-0.014500
0.656688
0.328338
-0.014500
0.505203
0.304477
-0.014500
0.697705
0.265872
-0.014500
0.575650
0.203000
-0.014500
0.740950
0.195750
-0.014500
0.706150
0.000000
-0.014500
0.764579
0.158270
-0.014500
0.786956
0.124549
-0.014500
0.811002
0.089993
-0.014500
0.839643
0.050008
-0.014500
0.875800
0.000000
-0.014500
0.471668
0.976523
0.014500
0.561823
0.940690
0.014500
0.561823
0.940690
-0.014500
0.471668
0.976523
-0.014500
0.629149
0.883352
0.014500
0.629149
0.883352
-0.014500
0.671280
0.806455
0.014500
0.671280
0.806455
-0.014500
0.685850
0.711950
0.014500
0.685850
0.711950
-0.014500
0.678820
0.646816
0.014500
0.678820
0.646816
-0.014500
0.658149
0.589338
0.014500
0.658149
0.589338
-0.014500
0.624463
0.540212
0.014500
0.624463
0.540212
-0.014500
0.578388
0.500134
0.014500
0.578388
0.500134
-0.014500
0.520550
0.469800
0.014500
0.520550
0.469800
-0.014500
0.570755
0.430302
0.014500
0.570755
0.430302
-0.014500
0.615252
0.383148
0.014500
0.615252
0.383148
-0.014500
0.656688
0.328338
0.014500
0.656688
0.328338
-0.014500
0.697705
0.265872
0.014500
0.697705
0.265872
-0.014500
0.740950
0.195750
0.014500
0.740950
0.195750
-0.014500
0.764579
0.158270
0.014500
0.764579
0.158270
-0.014500
0.786956
0.124549
0.014500
0.786956
0.124549
-0.014500
0.811002
0.089993
0.014500
0.811002
0.089993
-0.014500
0.839643
0.050008
0.014500
0.839643
0.050008
-0.014500
0.875800
0.000000
0.014500
0.875800
0.000000
-0.014500
0.706150
0.000000
0.014500
0.706150
0.000000
-0.014500
0.575650
0.203000
0.014500
0.575650
0.203000
-0.014500
0.505203
0.304477
0.014500
0.505203
0.304477
-0.014500
0.447772
0.370318
0.014500
0.447772
0.370318
-0.014500
0.399318
0.408042
0.014500
0.399318
0.408042
-0.014500
0.355807
0.425163
0.014500
0.355807
0.425163
-0.014500
0.313200
0.429200
0.014500
0.313200
0.429200
-0.014500
0.253750
0.429200
0.014500
0.253750
0.429200
-0.014500
0.253750
0.000000
0.014500
0.253750
0.000000
-0.014500
0.111650
0.000000
0.014500
0.111650
0.000000
-0.014500
0.111650
0.988900
0.014500
0.111650
0.988900
-0.014500
0.361050
0.988900
0.014500
0.361050
0.988900
-0.014500
0.345100
0.556800
0.014500
0.423910
0.565604
0.014500
0.423910
0.565604
-0.014500
0.345100
0.556800
-0.014500
0.479683
0.589651
0.014500
0.479683
0.589651
-0.014500
0.515481
0.625391
0.014500
0.515481
0.625391
-0.014500
0.534366
0.669274
0.014500
0.534366
0.669274
-0.014500
0.539400
0.717750
0.014500
0.539400
0.717750
-0.014500
0.531860
0.768918
0.014500
0.531860
0.768918
-0.014500
0.510052
0.810411
0.014500
0.510052
0.810411
-0.014500
0.472584
0.841255
0.014500
0.472584
0.841255
-0.014500
0.418064
0.860477
0.014500
0.418064
0.860477
-0.014500
0.345100
0.867100
0.014500
0.345100
0.867100
-0.014500
0.253750
0.867100
0.014500
0.253750
0.867100
-0.014500
0.253750
0.556800
0.014500
0.253750
0.556800
-0.014500
