E2::qtgl/buffer/diffuse_colours/text
78
0.800000
0.741830
0.022496
1.000000
0.800000
0.741830
0.022496
1.000000
0.800000
0.741830
0.022496
1.000000
0.800000
0.741830
0.022496
1.000000
0.800000
0.741830
0.022496
1.000000
0.800000
0.741830
0.022496
1.000000
0.800000
0.741830
0.022496
1.000000
0.800000
0.741830
0.022496
1.000000
0.800000
0.741830
0.022496
1.000000
0.800000
0.741830
0.022496
1.000000
0.800000
0.741830
0.022496
1.000000
0.800000
0.741830
0.022496
1.000000
0.800000
0.741830
0.022496
1.000000
0.800000
0.741830
0.022496
1.000000
0.800000
0.741830
0.022496
1.000000
0.800000
0.741830
0.022496
1.000000
0.800000
0.741830
0.022496
1.000000
0.800000
0.741830
0.022496
1.000000
0.800000
0.741830
0.022496
1.000000
0.800000
0.741830
0.022496
1.000000
0.800000
0.741830
0.022496
1.000000
0.800000
0.741830
0.022496
1.000000
0.800000
0.741830
0.022496
1.000000
0.800000
0.741830
0.022496
1.000000
0.800000
0.741830
0.022496
1.000000
0.800000
0.741830
0.022496
1.000000
0.800000
0.741830
0.022496
1.000000
0.800000
0.741830
0.022496
1.000000
0.800000
0.741830
0.022496
1.000000
0.800000
0.741830
0.022496
1.000000
0.800000
0.741830
0.022496
1.000000
0.800000
0.741830
0.022496
1.000000
0.800000
0.741830
0.022496
1.000000
0.800000
0.741830
0.022496
1.000000
0.800000
0.741830
0.022496
1.000000
0.800000
0.741830
0.022496
1.000000
0.800000
0.741830
0.022496
1.000000
0.800000
0.741830
0.022496
1.000000
0.800000
0.741830
0.022496
1.000000
0.800000
0.741830
0.022496
1.000000
0.800000
0.741830
0.022496
1.000000
0.800000
0.741830
0.022496
1.000000
0.800000
0.741830
0.022496
1.000000
0.800000
0.741830
0.022496
1.000000
0.800000
0.741830
0.022496
1.000000
0.800000
0.741830
0.022496
1.000000
0.800000
0.741830
0.022496
1.000000
0.800000
0.741830
0.022496
1.000000
0.800000
0.741830
0.022496
1.000000
0.800000
0.741830
0.022496
1.000000
0.800000
0.741830
0.022496
1.000000
0.800000
0.741830
0.022496
1.000000
0.800000
0.741830
0.022496
1.000000
0.800000
0.741830
0.022496
1.000000
0.800000
0.741830
0.022496
1.000000
0.800000
0.741830
0.022496
1.000000
0.800000
0.741830
0.022496
1.000000
0.800000
0.741830
0.022496
1.000000
0.800000
0.741830
0.022496
1.000000
0.800000
0.741830
0.022496
1.000000
0.800000
0.741830
0.022496
1.000000
0.800000
0.741830
0.022496
1.000000
0.800000
0.741830
0.022496
1.000000
0.800000
0.741830
0.022496
1.000000
0.800000
0.741830
0.022496
1.000000
0.800000
0.741830
0.022496
1.000000
0.800000
0.741830
0.022496
1.000000
0.800000
0.741830
0.022496
1.000000
0.800000
0.741830
0.022496
1.000000
0.800000
0.741830
0.022496
1.000000
0.800000
0.741830
0.022496
1.000000
0.800000
0.741830
0.022496
1.000000
0.800000
0.741830
0.022496
1.000000
0.800000
0.741830
0.022496
1.000000
0.800000
0.741830
0.022496
1.000000
0.800000
0.741830
0.022496
1.000000
0.800000
0.741830
0.022496
1.000000
0.800000
0.741830
0.022496
1.000000
