E2::qtgl/buffer/normals/3d/text
78
-0.577349
0.577349
-0.577349
-0.577349
-0.577349
-0.577349
-0.904508
0.301492
0.301492
-0.577349
-0.577349
0.577349
-0.577349
0.577349
0.577349
-0.904508
-0.301492
-0.301492
-0.904508
0.301492
-0.301492
0.904508
0.301492
0.301492
0.577349
-0.577349
-0.577349
0.577349
0.577349
-0.577349
0.904508
-0.301492
-0.301492
0.577349
0.577349
0.577349
0.577349
-0.577349
0.577349
0.904508
-0.301492
0.301492
0.904508
0.301492
-0.301492
-0.904508
-0.301492
0.301492
-0.301492
0.904508
-0.301492
0.577349
0.577349
0.577349
0.577349
0.577349
-0.577349
0.301492
0.904508
0.301492
-0.577349
0.577349
-0.577349
-0.577349
0.577349
0.577349
0.301492
0.904508
-0.301492
-0.301492
0.904508
0.301492
-0.301492
-0.904508
0.301492
0.577349
-0.577349
-0.577349
0.577349
-0.577349
0.577349
0.301492
-0.904508
-0.301492
-0.577349
-0.577349
0.577349
-0.577349
-0.577349
-0.577349
-0.301492
-0.904508
-0.301492
0.301492
-0.904508
0.301492
0.577349
0.577349
-0.577349
0.577349
-0.577349
-0.577349
-0.301492
0.301492
-0.904508
-0.577349
-0.577349
-0.577349
-0.577349
0.577349
-0.577349
0.301492
-0.301492
-0.904508
0.301492
0.301492
-0.904508
-0.301492
0.301492
0.904508
0.577349
-0.577349
0.577349
0.577349
0.577349
0.577349
0.301492
-0.301492
0.904508
-0.577349
0.577349
0.577349
-0.577349
-0.577349
0.577349
-0.301492
-0.301492
0.904508
0.301492
0.301492
0.904508
-0.301492
-0.301492
-0.904508
-0.405164
0.646443
0.646443
1.000000
0.000000
0.000000
-0.405164
0.646443
-0.646443
-0.405164
-0.646443
-0.646443
-0.405164
-0.646443
0.646443
0.405164
0.646443
-0.646443
-1.000000
0.000000
0.000000
0.405164
0.646443
0.646443
0.405164
-0.646443
0.646443
0.405164
-0.646443
-0.646443
0.646443
0.405164
-0.646443
0.000000
-1.000000
0.000000
-0.646443
0.405164
-0.646443
-0.646443
0.405164
0.646443
0.646443
0.405164
0.646443
0.646443
-0.405164
0.646443
0.000000
1.000000
0.000000
-0.646443
-0.405164
0.646443
-0.646443
-0.405164
-0.646443
0.646443
-0.405164
-0.646443
0.646443
-0.646443
-0.405164
0.000000
0.000000
1.000000
-0.646443
-0.646443
-0.405164
-0.646443
0.646443
-0.405164
0.646443
0.646443
-0.405164
0.646443
0.646443
0.405164
0.000000
0.000000
-1.000000
-0.646443
0.646443
0.405164
-0.646443
-0.646443
0.405164
0.646443
-0.646443
0.405164
