3
84
0
1
2
0
3
1
4
3
0
4
5
3
6
5
4
6
7
5
6
8
7
9
8
6
9
10
8
11
10
9
12
10
11
12
13
10
14
13
12
14
15
13
16
15
14
16
17
15
16
18
17
19
18
16
19
20
18
21
20
19
22
23
24
25
23
22
25
26
23
27
26
25
27
28
26
29
28
27
30
28
29
30
31
28
32
31
30
32
33
31
32
34
33
35
34
32
35
36
34
37
36
35
37
38
36
39
38
37
40
38
39
40
41
38
42
41
40
42
43
41
44
45
46
44
46
47
45
48
49
45
49
46
48
50
51
48
51
49
50
52
53
50
53
51
52
54
55
52
55
53
54
56
57
54
57
55
56
58
59
56
59
57
58
60
61
58
61
59
60
62
63
60
63
61
62
64
65
62
65
63
64
66
67
64
67
65
66
68
69
66
69
67
68
70
71
68
71
69
70
72
73
70
73
71
72
74
75
72
75
73
74
76
77
74
77
75
76
78
79
76
79
77
78
80
81
78
81
79
80
82
83
80
83
81
82
84
85
82
85
83
84
86
87
84
87
85
86
44
47
86
47
87
