88
0.278586
0.894314
0.014500
0.450950
1.006300
0.014500
0.374100
1.006300
0.014500
0.375225
0.889998
0.014500
0.200541
0.766737
0.014500
0.316692
0.765275
0.014500
0.142123
0.628163
0.014500
0.275140
0.631713
0.014500
0.250363
0.488894
0.014500
0.105490
0.483186
0.014500
0.242150
0.336400
0.014500
0.092800
0.336400
0.014500
0.105490
0.189614
0.014500
0.250363
0.183906
0.014500
0.142123
0.044637
0.014500
0.275140
0.041087
0.014500
0.200541
-0.093937
0.014500
0.316692
-0.092475
0.014500
0.375225
-0.217198
0.014500
0.278586
-0.221514
0.014500
0.450950
-0.333500
0.014500
0.374100
-0.333500
0.014500
0.450950
1.006300
-0.014500
0.278586
0.894314
-0.014500
0.374100
1.006300
-0.014500
0.375225
0.889998
-0.014500
0.200541
0.766737
-0.014500
0.316692
0.765275
-0.014500
0.142123
0.628163
-0.014500
0.275140
0.631713
-0.014500
0.250363
0.488894
-0.014500
0.105490
0.483186
-0.014500
0.242150
0.336400
-0.014500
0.092800
0.336400
-0.014500
0.105490
0.189614
-0.014500
0.250363
0.183906
-0.014500
0.142123
0.044637
-0.014500
0.275140
0.041087
-0.014500
0.200541
-0.093937
-0.014500
0.316692
-0.092475
-0.014500
0.375225
-0.217198
-0.014500
0.278586
-0.221514
-0.014500
0.450950
-0.333500
-0.014500
0.374100
-0.333500
-0.014500
0.374100
-0.333500
0.014500
0.278586
-0.221514
0.014500
0.278586
-0.221514
-0.014500
0.374100
-0.333500
-0.014500
0.200541
-0.093937
0.014500
0.200541
-0.093937
-0.014500
0.142123
0.044637
0.014500
0.142123
0.044637
-0.014500
0.105490
0.189614
0.014500
0.105490
0.189614
-0.014500
0.092800
0.336400
0.014500
0.092800
0.336400
-0.014500
0.105490
0.483186
0.014500
0.105490
0.483186
-0.014500
0.142123
0.628163
0.014500
0.142123
0.628163
-0.014500
0.200541
0.766737
0.014500
0.200541
0.766737
-0.014500
0.278586
0.894314
0.014500
0.278586
0.894314
-0.014500
0.374100
1.006300
0.014500
0.374100
1.006300
-0.014500
0.450950
1.006300
0.014500
0.450950
1.006300
-0.014500
0.375225
0.889998
0.014500
0.375225
0.889998
-0.014500
0.316692
0.765275
0.014500
0.316692
0.765275
-0.014500
0.275140
0.631713
0.014500
0.275140
0.631713
-0.014500
0.250363
0.488894
0.014500
0.250363
0.488894
-0.014500
0.242150
0.336400
0.014500
0.242150
0.336400
-0.014500
0.250363
0.183906
0.014500
0.250363
0.183906
-0.014500
0.275140
0.041087
0.014500
0.275140
0.041087
-0.014500
0.316692
-0.092475
0.014500
0.316692
-0.092475
-0.014500
0.375225
-0.217198
0.014500
0.375225
-0.217198
-0.014500
0.450950
-0.333500
0.014500
0.450950
-0.333500
-0.014500
