4
24
0.800000
0.800000
0.800000
1.000000
0.800000
0.800000
0.800000
1.000000
0.800000
0.800000
0.800000
1.000000
0.800000
0.800000
0.800000
1.000000
0.800000
0.800000
0.800000
1.000000
0.800000
0.800000
0.800000
1.000000
0.800000
0.800000
0.800000
1.000000
0.800000
0.800000
0.800000
1.000000
0.800000
0.800000
0.800000
1.000000
0.800000
0.800000
0.800000
1.000000
0.800000
0.800000
0.800000
1.000000
0.800000
0.800000
0.800000
1.000000
0.800000
0.800000
0.800000
1.000000
0.800000
0.800000
0.800000
1.000000
0.800000
0.800000
0.800000
1.000000
0.800000
0.800000
0.800000
1.000000
0.800000
0.800000
0.800000
1.000000
0.800000
0.800000
0.800000
1.000000
0.800000
0.800000
0.800000
1.000000
0.800000
0.800000
0.800000
1.000000
0.800000
0.800000
0.800000
1.000000
0.800000
0.800000
0.800000
1.000000
0.800000
0.800000
0.800000
1.000000
0.800000
0.800000
0.800000
1.000000
