4
28
0.800000
0.800000
0.800000
1.000000
0.800000
0.800000
0.800000
1.000000
0.800000
0.800000
0.800000
1.000000
0.800000
0.800000
0.800000
1.000000
0.800000
0.800000
0.800000
1.000000
0.800000
0.800000
0.800000
1.000000
0.800000
0.800000
0.800000
1.000000
0.800000
0.800000
0.800000
1.000000
0.800000
0.800000
0.800000
1.000000
0.800000
0.800000
0.800000
1.000000
0.800000
0.800000
0.800000
1.000000
0.800000
0.800000
0.800000
1.000000
0.800000
0.800000
0.800000
1.000000
0.800000
0.800000
0.800000
1.000000
0.800000
0.800000
0.800000
1.000000
0.800000
0.800000
0.800000
1.000000
0.800000
0.800000
0.800000
1.000000
0.800000
0.800000
0.800000
1.000000
0.800000
0.800000
0.800000
1.000000
0.800000
0.800000
0.800000
1.000000
0.800000
0.800000
0.800000
1.000000
0.800000
0.800000
0.800000
1.000000
0.800000
0.800000
0.800000
1.000000
0.800000
0.800000
0.800000
1.000000
0.800000
0.800000
0.800000
1.000000
0.800000
0.800000
0.800000
1.000000
0.800000
0.800000
0.800000
1.000000
0.800000
0.800000
0.800000
1.000000
