28
0.000000
0.447188
0.894406
0.000000
0.447188
0.894406
0.000000
0.447188
0.894406
0.447188
0.000000
0.894406
0.447188
0.000000
0.894406
0.447188
0.000000
0.894406
0.000000
-0.447188
0.894406
0.000000
-0.447188
0.894406
0.000000
-0.447188
0.894406
-0.447188
0.000000
0.894406
-0.447188
0.000000
0.894406
-0.447188
0.000000
0.894406
1.000000
0.000000
0.000000
1.000000
0.000000
0.000000
1.000000
0.000000
0.000000
1.000000
0.000000
0.000000
0.000000
-1.000000
0.000000
0.000000
-1.000000
0.000000
0.000000
-1.000000
0.000000
0.000000
-1.000000
0.000000
-1.000000
0.000000
0.000000
-1.000000
0.000000
0.000000
-1.000000
0.000000
0.000000
-1.000000
0.000000
0.000000
0.000000
1.000000
0.000000
0.000000
1.000000
0.000000
0.000000
1.000000
0.000000
0.000000
1.000000
0.000000
