28
0.002394
0.001803
0.500532
0.499942
0.998671
0.001803
0.998671
0.001803
0.500532
0.499942
0.998671
0.998080
0.998671
0.998080
0.500532
0.499942
0.002394
0.998080
0.002394
0.998080
0.500532
0.499942
0.002394
0.001803
0.997820
0.749817
0.997819
0.254190
0.006560
0.254190
0.006560
0.749818
0.003275
0.251081
0.003275
0.748257
0.997632
0.748257
0.997632
0.251081
0.004174
0.253074
0.004174
0.749772
0.997576
0.749772
0.997576
0.253074
0.995938
0.748279
0.995938
0.252628
0.004631
0.252628
0.004631
0.748279
