172
0.263239
0.648649
0.014500
0.459615
0.649960
0.014500
0.363950
0.664100
0.014500
0.538020
0.607353
0.014500
0.179092
0.604522
0.014500
0.596866
0.536001
0.014500
0.114852
0.535062
0.014500
0.366850
0.552450
0.014500
0.312411
0.545594
0.014500
0.417345
0.545177
0.014500
0.267508
0.525445
0.014500
0.458652
0.524192
0.014500
0.633859
0.435626
0.014500
0.073857
0.443607
0.014500
0.232278
0.492629
0.014500
0.489938
0.490750
0.014500
0.206863
0.447772
0.014500
0.510365
0.446101
0.014500
0.191400
0.391500
0.014500
0.519100
0.391500
0.014500
0.059450
0.333500
0.014500
0.646700
0.305950
0.014500
0.072836
0.228416
0.014500
0.188500
0.305950
0.014500
0.207095
0.236037
0.014500
0.238426
0.181296
0.014500
0.112253
0.133841
0.014500
0.589988
0.161426
0.014500
0.635100
0.063800
0.014500
0.635100
0.188500
0.014500
0.282356
0.141938
0.014500
0.544945
0.139641
0.014500
0.338743
0.118169
0.014500
0.499693
0.123563
0.014500
0.176587
0.057153
0.014500
0.453954
0.113610
0.014500
0.407450
0.110200
0.014500
0.588619
0.035763
0.014500
0.264724
0.005730
0.014500
0.541650
0.014198
0.014500
0.491968
-0.001032
0.014500
0.375550
-0.013050
0.014500
0.437343
-0.010069
0.014500
0.459615
0.649960
-0.014500
0.263239
0.648649
-0.014500
0.363950
0.664100
-0.014500
0.538020
0.607353
-0.014500
0.179092
0.604522
-0.014500
0.596866
0.536001
-0.014500
0.366850
0.552450
-0.014500
0.114852
0.535062
-0.014500
0.312411
0.545594
-0.014500
0.417345
0.545177
-0.014500
0.267508
0.525445
-0.014500
0.458652
0.524192
-0.014500
0.633859
0.435626
-0.014500
0.073857
0.443607
-0.014500
0.232278
0.492629
-0.014500
0.489938
0.490750
-0.014500
0.206863
0.447772
-0.014500
0.510365
0.446101
-0.014500
0.191400
0.391500
-0.014500
0.519100
0.391500
-0.014500
0.059450
0.333500
-0.014500
0.646700
0.305950
-0.014500
0.188500
0.305950
-0.014500
0.072836
0.228416
-0.014500
0.207095
0.236037
-0.014500
0.238426
0.181296
-0.014500
0.112253
0.133841
-0.014500
0.635100
0.063800
-0.014500
0.589988
0.161426
-0.014500
0.635100
0.188500
-0.014500
0.282356
0.141938
-0.014500
0.544945
0.139641
-0.014500
0.338743
0.118169
-0.014500
0.499693
0.123563
-0.014500
0.176587
0.057153
-0.014500
0.453954
0.113610
-0.014500
0.407450
0.110200
-0.014500
0.588619
0.035763
-0.014500
0.264724
0.005730
-0.014500
0.541650
0.014198
-0.014500
0.491968
-0.001032
-0.014500
0.375550
-0.013050
-0.014500
0.437343
-0.010069
-0.014500
0.588619
0.035763
0.014500
0.541650
0.014198
0.014500
0.541650
0.014198
-0.014500
0.588619
0.035763
-0.014500
0.491968
-0.001032
0.014500
0.491968
-0.001032
-0.014500
0.437343
-0.010069
0.014500
0.437343
-0.010069
-0.014500
0.375550
-0.013050
0.014500
0.375550
-0.013050
-0.014500
0.264724
0.005730
0.014500
0.264724
0.005730
-0.014500
0.176587
0.057153
0.014500
0.176587
0.057153
-0.014500
0.112253
0.133841
0.014500
0.112253
0.133841
-0.014500
0.072836
0.228416
0.014500
0.072836
0.228416
-0.014500
0.059450
0.333500
0.014500
0.059450
0.333500
-0.014500
0.073857
0.443607
0.014500
0.073857
0.443607
-0.014500
0.114852
0.535062
0.014500
0.114852
0.535062
-0.014500
0.179092
0.604522
0.014500
0.179092
0.604522
-0.014500
0.263239
0.648649
0.014500
0.263239
0.648649
-0.014500
0.363950
0.664100
0.014500
0.363950
0.664100
-0.014500
0.459615
0.649960
0.014500
0.459615
0.649960
-0.014500
0.538020
0.607353
0.014500
0.538020
0.607353
-0.014500
0.596866
0.536001
0.014500
0.596866
0.536001
-0.014500
0.633859
0.435626
0.014500
0.633859
0.435626
-0.014500
0.646700
0.305950
0.014500
0.646700
0.305950
-0.014500
0.188500
0.305950
0.014500
0.188500
0.305950
-0.014500
0.207095
0.236037
0.014500
0.207095
0.236037
-0.014500
0.238426
0.181296
0.014500
0.238426
0.181296
-0.014500
0.282356
0.141938
0.014500
0.282356
0.141938
-0.014500
0.338743
0.118169
0.014500
0.338743
0.118169
-0.014500
0.407450
0.110200
0.014500
0.407450
0.110200
-0.014500
0.453954
0.113610
0.014500
0.453954
0.113610
-0.014500
0.499693
0.123563
0.014500
0.499693
0.123563
-0.014500
0.544945
0.139641
0.014500
0.544945
0.139641
-0.014500
0.589988
0.161426
0.014500
0.589988
0.161426
-0.014500
0.635100
0.188500
0.014500
0.635100
0.188500
-0.014500
0.635100
0.063800
0.014500
0.635100
0.063800
-0.014500
0.510365
0.446101
0.014500
0.489938
0.490750
0.014500
0.489938
0.490750
-0.014500
0.510365
0.446101
-0.014500
0.458652
0.524192
0.014500
0.458652
0.524192
-0.014500
0.417345
0.545177
0.014500
0.417345
0.545177
-0.014500
0.366850
0.552450
0.014500
0.366850
0.552450
-0.014500
0.312411
0.545594
0.014500
0.312411
0.545594
-0.014500
0.267508
0.525445
0.014500
0.267508
0.525445
-0.014500
0.232278
0.492629
0.014500
0.232278
0.492629
-0.014500
0.206863
0.447772
0.014500
0.206863
0.447772
-0.014500
0.191400
0.391500
0.014500
0.191400
0.391500
-0.014500
0.519100
0.391500
0.014500
0.519100
0.391500
-0.014500
