3
124
0
1
2
3
1
0
4
1
3
4
5
1
6
7
4
7
5
4
8
9
6
9
10
6
10
7
6
11
12
8
12
13
8
13
9
8
11
14
12
15
14
11
15
16
14
15
17
16
18
17
15
18
19
17
18
20
19
21
20
18
21
22
20
23
22
21
24
23
25
24
22
23
24
26
22
24
27
26
28
27
24
29
30
28
30
27
28
29
31
30
32
33
34
32
35
33
32
36
35
37
36
32
38
39
36
37
38
36
40
41
39
42
40
39
38
42
39
43
44
41
45
43
41
40
45
41
46
44
43
46
47
44
48
47
46
49
47
48
49
50
47
51
50
49
52
50
51
52
53
50
54
53
52
54
55
53
55
56
57
54
56
55
58
56
54
59
56
58
59
60
56
61
62
60
59
61
60
63
62
61
64
65
66
64
66
67
65
68
69
65
69
66
68
70
71
68
71
69
70
72
73
70
73
71
72
74
75
72
75
73
74
76
77
74
77
75
76
78
79
76
79
77
78
80
81
78
81
79
80
82
83
80
83
81
82
84
85
82
85
83
84
86
87
84
87
85
86
88
89
86
89
87
88
90
91
88
91
89
90
92
93
90
93
91
92
94
95
92
95
93
94
96
97
94
97
95
96
98
99
96
99
97
98
100
101
98
101
99
100
102
103
100
103
101
102
104
105
102
105
103
104
106
107
104
107
105
106
108
109
106
109
107
108
110
111
108
111
109
110
112
113
110
113
111
112
114
115
112
115
113
114
116
117
114
117
115
116
118
119
116
119
117
118
120
121
118
121
119
120
122
123
120
123
121
122
124
125
122
125
123
124
126
127
124
127
125
126
64
67
126
67
127
