128
0.310973
1.001196
0.014500
0.429200
0.988900
0.014500
0.365876
1.001312
0.014500
0.263517
0.989944
0.014500
0.222534
0.968948
0.014500
0.429200
0.862750
0.014500
0.187050
0.939600
0.014500
0.417043
0.867297
0.014500
0.158410
0.906772
0.014500
0.395374
0.872772
0.014500
0.406070
0.870592
0.014500
0.135407
0.869072
0.014500
0.371200
0.874350
0.014500
0.384053
0.873979
0.014500
0.316784
0.867216
0.014500
0.118459
0.823716
0.014500
0.277611
0.846510
0.014500
0.251871
0.813276
0.014500
0.107984
0.767920
0.014500
0.237754
0.768558
0.014500
0.233450
0.713400
0.014500
0.104400
0.698900
0.014500
0.233450
0.651050
0.014500
0.104400
0.651050
0.014500
0.013050
0.535050
0.014500
0.013050
0.651050
0.014500
0.350900
0.651050
0.014500
0.350900
0.535050
0.014500
0.104400
0.535050
0.014500
0.104400
0.000000
0.014500
0.233450
0.535050
0.014500
0.233450
0.000000
0.014500
0.429200
0.988900
-0.014500
0.310973
1.001196
-0.014500
0.365876
1.001312
-0.014500
0.263517
0.989944
-0.014500
0.222534
0.968948
-0.014500
0.429200
0.862750
-0.014500
0.417043
0.867297
-0.014500
0.187050
0.939600
-0.014500
0.395374
0.872772
-0.014500
0.158410
0.906772
-0.014500
0.406070
0.870592
-0.014500
0.371200
0.874350
-0.014500
0.135407
0.869072
-0.014500
0.384053
0.873979
-0.014500
0.316784
0.867216
-0.014500
0.118459
0.823716
-0.014500
0.277611
0.846510
-0.014500
0.251871
0.813276
-0.014500
0.107984
0.767920
-0.014500
0.237754
0.768558
-0.014500
0.233450
0.713400
-0.014500
0.104400
0.698900
-0.014500
0.233450
0.651050
-0.014500
0.104400
0.651050
-0.014500
0.013050
0.535050
-0.014500
0.013050
0.651050
-0.014500
0.350900
0.651050
-0.014500
0.350900
0.535050
-0.014500
0.104400
0.535050
-0.014500
0.233450
0.535050
-0.014500
0.104400
0.000000
-0.014500
0.233450
0.000000
-0.014500
0.417043
0.867297
0.014500
0.406070
0.870592
0.014500
0.406070
0.870592
-0.014500
0.417043
0.867297
-0.014500
0.395374
0.872772
0.014500
0.395374
0.872772
-0.014500
0.384053
0.873979
0.014500
0.384053
0.873979
-0.014500
0.371200
0.874350
0.014500
0.371200
0.874350
-0.014500
0.316784
0.867216
0.014500
0.316784
0.867216
-0.014500
0.277611
0.846510
0.014500
0.277611
0.846510
-0.014500
0.251871
0.813276
0.014500
0.251871
0.813276
-0.014500
0.237754
0.768558
0.014500
0.237754
0.768558
-0.014500
0.233450
0.713400
0.014500
0.233450
0.713400
-0.014500
0.233450
0.651050
0.014500
0.233450
0.651050
-0.014500
0.350900
0.651050
0.014500
0.350900
0.651050
-0.014500
0.350900
0.535050
0.014500
0.350900
0.535050
-0.014500
0.233450
0.535050
0.014500
0.233450
0.535050
-0.014500
0.233450
0.000000
0.014500
0.233450
0.000000
-0.014500
0.104400
0.000000
0.014500
0.104400
0.000000
-0.014500
0.104400
0.535050
0.014500
0.104400
0.535050
-0.014500
0.013050
0.535050
0.014500
0.013050
0.535050
-0.014500
0.013050
0.651050
0.014500
0.013050
0.651050
-0.014500
0.104400
0.651050
0.014500
0.104400
0.651050
-0.014500
0.104400
0.698900
0.014500
0.104400
0.698900
-0.014500
0.107984
0.767920
0.014500
0.107984
0.767920
-0.014500
0.118459
0.823716
0.014500
0.118459
0.823716
-0.014500
0.135407
0.869072
0.014500
0.135407
0.869072
-0.014500
0.158410
0.906772
0.014500
0.158410
0.906772
-0.014500
0.187050
0.939600
0.014500
0.187050
0.939600
-0.014500
0.222534
0.968948
0.014500
0.222534
0.968948
-0.014500
0.263517
0.989944
0.014500
0.263517
0.989944
-0.014500
0.310973
1.001196
0.014500
0.310973
1.001196
-0.014500
0.365876
1.001312
0.014500
0.365876
1.001312
-0.014500
0.429200
0.988900
0.014500
0.429200
0.988900
-0.014500
0.429200
0.862750
0.014500
0.429200
0.862750
-0.014500
