3
292
0
1
2
0
3
1
4
3
0
4
5
3
4
6
5
4
7
6
8
7
4
8
9
7
8
10
9
11
10
8
11
12
10
12
13
10
13
14
10
14
15
10
15
16
10
16
17
10
18
19
11
19
12
11
18
20
19
21
12
19
21
22
12
18
23
20
18
24
23
18
25
24
26
25
18
26
27
25
26
28
27
29
28
26
29
30
28
29
31
30
32
31
29
32
33
31
32
21
33
32
22
21
34
22
32
34
35
22
36
35
34
36
37
35
38
37
36
38
39
37
40
41
38
41
39
38
41
42
39
40
43
41
44
42
41
45
42
44
46
42
45
46
47
42
48
47
46
49
47
48
50
51
52
49
53
47
54
53
49
50
55
51
56
53
54
56
57
53
50
58
55
59
57
56
50
60
58
61
57
59
50
40
60
43
57
61
40
57
43
50
57
40
50
62
57
63
62
50
64
62
63
64
65
62
66
65
64
66
67
65
68
67
66
69
67
68
70
67
69
70
71
67
72
73
74
75
73
72
75
76
73
77
76
75
78
76
77
79
76
78
79
80
76
81
80
79
82
80
81
82
83
80
84
83
82
85
84
82
86
85
82
87
86
82
88
87
82
89
88
82
90
91
83
84
90
83
92
91
90
84
93
90
94
93
84
95
91
92
96
91
95
97
91
96
97
98
91
99
98
97
100
98
99
100
101
98
102
101
100
103
101
102
103
104
101
105
104
103
93
104
105
94
104
93
94
106
104
107
106
94
107
108
106
109
108
107
109
110
108
111
110
109
112
113
110
111
112
110
114
112
111
115
113
112
114
116
112
114
117
116
114
118
117
119
118
114
119
120
118
119
121
120
122
123
124
125
121
119
125
126
121
127
123
122
125
128
126
129
128
125
130
123
127
129
131
128
132
123
130
129
133
131
113
123
132
129
115
133
129
113
115
129
123
113
134
123
129
134
135
123
134
136
135
137
136
134
137
138
136
139
138
137
139
140
138
139
141
140
139
142
141
143
142
139
144
145
146
144
146
147
145
148
149
145
149
146
148
150
151
148
151
149
150
152
153
150
153
151
152
154
155
152
155
153
154
156
157
154
157
155
156
158
159
156
159
157
158
160
161
158
161
159
160
162
163
160
163
161
162
164
165
162
165
163
164
166
167
164
167
165
166
168
169
166
169
167
168
170
171
168
171
169
170
172
173
170
173
171
172
174
175
172
175
173
174
176
177
174
177
175
176
178
179
176
179
177
178
180
181
178
181
179
180
182
183
180
183
181
182
184
185
182
185
183
184
186
187
184
187
185
186
188
189
186
189
187
188
190
191
188
191
189
190
192
193
190
193
191
192
194
195
192
195
193
194
196
197
194
197
195
196
198
199
196
199
197
198
200
201
198
201
199
200
202
203
200
203
201
202
204
205
202
205
203
204
206
207
204
207
205
206
208
209
206
209
207
208
210
211
208
211
209
210
212
213
210
213
211
212
214
215
212
215
213
214
216
217
214
217
215
216
218
219
216
219
217
218
220
221
218
221
219
220
222
223
220
223
221
222
224
225
222
225
223
224
226
227
224
227
225
226
228
229
226
229
227
228
230
231
228
231
229
230
232
233
230
233
231
232
234
235
232
235
233
234
236
237
234
237
235
236
238
239
236
239
237
238
240
241
238
241
239
240
242
243
240
243
241
242
144
147
242
147
243
244
245
246
244
246
247
245
248
249
245
249
246
248
250
251
248
251
249
250
252
253
250
253
251
252
254
255
252
255
253
254
256
257
254
257
255
256
258
259
256
259
257
258
260
261
258
261
259
260
262
263
260
263
261
262
264
265
262
265
263
264
244
247
264
247
265
266
267
268
266
268
269
267
270
271
267
271
268
270
272
273
270
273
271
272
274
275
272
275
273
274
276
277
274
277
275
276
278
279
276
279
277
278
280
281
278
281
279
280
282
283
280
283
281
282
284
285
282
285
283
284
286
287
284
287
285
286
266
269
286
269
287
