288
0.346550
0.949750
0.014500
0.465450
1.001950
0.014500
0.346550
1.001950
0.014500
0.465450
0.949750
0.014500
0.253762
0.926190
0.014500
0.507825
0.942941
0.014500
0.554236
0.930076
0.014500
0.601066
0.912062
0.014500
0.178443
0.886205
0.014500
0.644693
0.889801
0.014500
0.681500
0.864200
0.014500
0.122403
0.831465
0.014500
0.465450
0.822150
0.014500
0.512001
0.808427
0.014500
0.559456
0.788928
0.014500
0.605242
0.764834
0.014500
0.646781
0.737331
0.014500
0.681500
0.707600
0.014500
0.087452
0.763640
0.014500
0.346550
0.822150
0.014500
0.304175
0.811594
0.014500
0.346550
0.574200
0.014500
0.465450
0.535050
0.014500
0.268552
0.793034
0.014500
0.241210
0.767862
0.014500
0.223683
0.737470
0.014500
0.075400
0.684400
0.014500
0.217500
0.703250
0.014500
0.222291
0.671037
0.014500
0.085782
0.625437
0.014500
0.237034
0.642164
0.014500
0.262288
0.616494
0.014500
0.117392
0.567310
0.014500
0.298607
0.593885
0.014500
0.170926
0.513288
0.014500
0.556220
0.501213
0.014500
0.247080
0.466645
0.014500
0.629242
0.454708
0.014500
0.346550
0.430650
0.014500
0.683124
0.397138
0.014500
0.346550
0.117450
0.014500
0.465450
0.379900
0.014500
0.716474
0.330101
0.014500
0.465450
0.118900
0.014500
0.512790
0.357512
0.014500
0.547671
0.333384
0.014500
0.571207
0.306820
0.014500
0.727900
0.255200
0.014500
0.584512
0.277124
0.014500
0.588700
0.243600
0.014500
0.073950
0.088450
0.014500
0.125964
0.219716
0.014500
0.073950
0.263900
0.014500
0.717727
0.185681
0.014500
0.583677
0.207385
0.014500
0.174081
0.184997
0.014500
0.568702
0.176946
0.014500
0.686882
0.117346
0.014500
0.223451
0.157725
0.014500
0.543912
0.152146
0.014500
0.279224
0.135882
0.014500
0.509449
0.132843
0.014500
0.634880
0.056944
0.014500
0.127496
0.058406
0.014500
0.180763
0.031842
0.014500
0.561231
0.011229
0.014500
0.234517
0.010150
0.014500
0.465450
-0.013050
0.014500
0.289524
-0.005278
0.014500
0.346550
-0.013050
0.014500
0.346550
-0.171100
0.014500
0.465450
-0.171100
0.014500
0.465450
1.001950
-0.014500
0.346550
0.949750
-0.014500
0.346550
1.001950
-0.014500
0.465450
0.949750
-0.014500
0.253762
0.926190
-0.014500
0.507825
0.942941
-0.014500
0.554236
0.930076
-0.014500
0.601066
0.912062
-0.014500
0.178443
0.886205
-0.014500
0.644693
0.889801
-0.014500
0.681500
0.864200
-0.014500
0.122403
0.831465
-0.014500
0.465450
0.822150
-0.014500
0.512001
0.808427
-0.014500
0.559456
0.788928
-0.014500
0.605242
0.764834
-0.014500
0.646781
0.737331
-0.014500
0.681500
0.707600
-0.014500
0.346550
0.822150
-0.014500
0.087452
0.763640
-0.014500
0.304175
0.811594
-0.014500
0.346550
0.574200
-0.014500
0.465450
0.535050
-0.014500
0.268552
0.793034
-0.014500
0.241210
0.767862
-0.014500
0.223683
0.737470
-0.014500
0.075400
0.684400
-0.014500
0.217500
0.703250
-0.014500
0.222291
0.671037
-0.014500
0.085782
0.625437
-0.014500
0.237034
0.642164
-0.014500
0.262288
0.616494
-0.014500
0.117392
0.567310
-0.014500
0.298607
0.593885
-0.014500
0.170926
0.513288
-0.014500
0.556220
0.501213
-0.014500
0.247080
0.466645
-0.014500
0.629242
0.454708
-0.014500
0.346550
0.430650
-0.014500
0.683124
0.397138
-0.014500
0.465450
0.379900
-0.014500
0.346550
0.117450
-0.014500
0.716474
0.330101
-0.014500
0.465450
0.118900
-0.014500
0.512790
0.357512
-0.014500
0.547671
0.333384
-0.014500
0.571207
0.306820
-0.014500
0.727900
0.255200
-0.014500
0.584512
0.277124
-0.014500
0.588700
0.243600
-0.014500
0.125964
0.219716
-0.014500
0.073950
0.088450
-0.014500
0.073950
0.263900
-0.014500
0.717727
0.185681
-0.014500
0.583677
0.207385
-0.014500
0.174081
0.184997
-0.014500
0.568702
0.176946
-0.014500
0.686882
0.117346
-0.014500
0.223451
0.157725
-0.014500
0.543912
0.152146
-0.014500
0.279224
0.135882
-0.014500
0.509449
0.132843
-0.014500
0.634880
0.056944
-0.014500
0.127496
0.058406
-0.014500
0.180763
0.031842
-0.014500
0.561231
0.011229
-0.014500
0.234517
0.010150
-0.014500
0.465450
-0.013050
-0.014500
0.289524
-0.005278
-0.014500
0.346550
-0.013050
-0.014500
0.346550
-0.171100
-0.014500
0.465450
-0.171100
-0.014500
0.646781
0.737331
0.014500
0.605242
0.764834
0.014500
0.605242
0.764834
-0.014500
0.646781
0.737331
-0.014500
0.559456
0.788928
0.014500
0.559456
0.788928
-0.014500
0.512001
0.808427
0.014500
0.512001
0.808427
-0.014500
0.465450
0.822150
0.014500
0.465450
0.822150
-0.014500
0.465450
0.535050
0.014500
0.465450
0.535050
-0.014500
0.556220
0.501213
0.014500
0.556220
0.501213
-0.014500
0.629242
0.454708
0.014500
0.629242
0.454708
-0.014500
0.683124
0.397138
0.014500
0.683124
0.397138
-0.014500
0.716474
0.330101
0.014500
0.716474
0.330101
-0.014500
0.727900
0.255200
0.014500
0.727900
0.255200
-0.014500
0.717727
0.185681
0.014500
0.717727
0.185681
-0.014500
0.686882
0.117346
0.014500
0.686882
0.117346
-0.014500
0.634880
0.056944
0.014500
0.634880
0.056944
-0.014500
0.561231
0.011229
0.014500
0.561231
0.011229
-0.014500
0.465450
-0.013050
0.014500
0.465450
-0.013050
-0.014500
0.465450
-0.171100
0.014500
0.465450
-0.171100
-0.014500
0.346550
-0.171100
0.014500
0.346550
-0.171100
-0.014500
0.346550
-0.013050
0.014500
0.346550
-0.013050
-0.014500
0.289524
-0.005278
0.014500
0.289524
-0.005278
-0.014500
0.234517
0.010150
0.014500
0.234517
0.010150
-0.014500
0.180763
0.031842
0.014500
0.180763
0.031842
-0.014500
0.127496
0.058406
0.014500
0.127496
0.058406
-0.014500
0.073950
0.088450
0.014500
0.073950
0.088450
-0.014500
0.073950
0.263900
0.014500
0.073950
0.263900
-0.014500
0.125964
0.219716
0.014500
0.125964
0.219716
-0.014500
0.174081
0.184997
0.014500
0.174081
0.184997
-0.014500
0.223451
0.157725
0.014500
0.223451
0.157725
-0.014500
0.279224
0.135882
0.014500
0.279224
0.135882
-0.014500
0.346550
0.117450
0.014500
0.346550
0.117450
-0.014500
0.346550
0.430650
0.014500
0.346550
0.430650
-0.014500
0.247080
0.466645
0.014500
0.247080
0.466645
-0.014500
0.170926
0.513288
0.014500
0.170926
0.513288
-0.014500
0.117392
0.567310
0.014500
0.117392
0.567310
-0.014500
0.085782
0.625437
0.014500
0.085782
0.625437
-0.014500
0.075400
0.684400
0.014500
0.075400
0.684400
-0.014500
0.087452
0.763640
0.014500
0.087452
0.763640
-0.014500
0.122403
0.831465
0.014500
0.122403
0.831465
-0.014500
0.178443
0.886205
0.014500
0.178443
0.886205
-0.014500
0.253762
0.926190
0.014500
0.253762
0.926190
-0.014500
0.346550
0.949750
0.014500
0.346550
0.949750
-0.014500
0.346550
1.001950
0.014500
0.346550
1.001950
-0.014500
0.465450
1.001950
0.014500
0.465450
1.001950
-0.014500
0.465450
0.949750
0.014500
0.465450
0.949750
-0.014500
0.507825
0.942941
0.014500
0.507825
0.942941
-0.014500
0.554236
0.930076
0.014500
0.554236
0.930076
-0.014500
0.601066
0.912062
0.014500
0.601066
0.912062
-0.014500
0.644693
0.889801
0.014500
0.644693
0.889801
-0.014500
0.681500
0.864200
0.014500
0.681500
0.864200
-0.014500
0.681500
0.707600
0.014500
0.681500
0.707600
-0.014500
0.346550
0.822150
0.014500
0.346550
0.574200
0.014500
0.346550
0.574200
-0.014500
0.346550
0.822150
-0.014500
0.298607
0.593885
0.014500
0.298607
0.593885
-0.014500
0.262288
0.616494
0.014500
0.262288
0.616494
-0.014500
0.237034
0.642164
0.014500
0.237034
0.642164
-0.014500
0.222291
0.671037
0.014500
0.222291
0.671037
-0.014500
0.217500
0.703250
0.014500
0.217500
0.703250
-0.014500
0.223683
0.737470
0.014500
0.223683
0.737470
-0.014500
0.241210
0.767862
0.014500
0.241210
0.767862
-0.014500
0.268552
0.793034
0.014500
0.268552
0.793034
-0.014500
0.304175
0.811594
0.014500
0.304175
0.811594
-0.014500
0.509449
0.132843
0.014500
0.543912
0.152146
0.014500
0.543912
0.152146
-0.014500
0.509449
0.132843
-0.014500
0.568702
0.176946
0.014500
0.568702
0.176946
-0.014500
0.583677
0.207385
0.014500
0.583677
0.207385
-0.014500
0.588700
0.243600
0.014500
0.588700
0.243600
-0.014500
0.584512
0.277124
0.014500
0.584512
0.277124
-0.014500
0.571207
0.306820
0.014500
0.571207
0.306820
-0.014500
0.547671
0.333384
0.014500
0.547671
0.333384
-0.014500
0.512790
0.357512
0.014500
0.512790
0.357512
-0.014500
0.465450
0.379900
0.014500
0.465450
0.379900
-0.014500
0.465450
0.118900
0.014500
0.465450
0.118900
-0.014500
