E2::qtgl/buffer/normals/3d/text
20
-0.707083
0.707083
0.000000
-0.577349
0.577349
-0.577349
-0.577349
-0.577349
-0.577349
0.707083
0.707083
0.000000
0.577349
0.577349
-0.577349
0.707083
-0.707083
0.000000
0.577349
-0.577349
-0.577349
-0.707083
-0.707083
0.000000
0.577349
0.577349
0.577349
-0.577349
0.577349
0.577349
-0.577349
-0.577349
0.577349
-0.707083
-0.707083
0.000000
0.707083
-0.707083
0.000000
-0.707083
-0.707083
0.000000
0.707083
-0.707083
0.000000
0.577349
-0.577349
0.577349
0.707083
0.707083
0.000000
0.707083
0.707083
0.000000
-0.707083
0.707083
0.000000
-0.707083
0.707083
0.000000
