48
0.429200
0.511850
0.014500
0.205900
0.988900
0.014500
0.033350
0.988900
0.014500
0.516200
0.611900
0.014500
0.996150
0.988900
0.014500
0.825050
0.988900
0.014500
0.601750
0.511850
0.014500
0.002900
0.000000
0.014500
0.516200
0.408900
0.014500
1.023700
0.000000
0.014500
0.175450
0.000000
0.014500
0.852600
0.000000
0.014500
0.205900
0.988900
-0.014500
0.429200
0.511850
-0.014500
0.033350
0.988900
-0.014500
0.516200
0.611900
-0.014500
0.996150
0.988900
-0.014500
0.825050
0.988900
-0.014500
0.601750
0.511850
-0.014500
0.002900
0.000000
-0.014500
0.516200
0.408900
-0.014500
1.023700
0.000000
-0.014500
0.175450
0.000000
-0.014500
0.852600
0.000000
-0.014500
1.023700
0.000000
0.014500
0.852600
0.000000
0.014500
0.852600
0.000000
-0.014500
1.023700
0.000000
-0.014500
0.516200
0.408900
0.014500
0.516200
0.408900
-0.014500
0.175450
0.000000
0.014500
0.175450
0.000000
-0.014500
0.002900
0.000000
0.014500
0.002900
0.000000
-0.014500
0.429200
0.511850
0.014500
0.429200
0.511850
-0.014500
0.033350
0.988900
0.014500
0.033350
0.988900
-0.014500
0.205900
0.988900
0.014500
0.205900
0.988900
-0.014500
0.516200
0.611900
0.014500
0.516200
0.611900
-0.014500
0.825050
0.988900
0.014500
0.825050
0.988900
-0.014500
0.996150
0.988900
0.014500
0.996150
0.988900
-0.014500
0.601750
0.511850
0.014500
0.601750
0.511850
-0.014500
