E2::qtgl/buffer/indices/triangles/text
80
0
1
2
3
1
4
0
2
5
0
5
6
0
6
7
3
4
8
9
10
11
12
13
14
15
16
17
18
19
20
3
8
21
9
11
22
12
14
23
15
17
24
18
20
25
26
27
28
29
30
31
32
33
34
35
36
37
38
39
40
40
37
41
40
39
37
39
35
37
37
34
41
37
36
34
36
32
34
34
31
42
34
33
31
33
29
31
31
28
42
31
30
28
30
26
28
28
43
42
28
27
43
27
44
43
25
39
38
25
20
39
20
35
39
24
36
35
24
17
36
17
32
36
23
33
32
23
14
33
14
29
33
22
30
29
22
11
30
11
26
30
21
27
26
21
8
27
8
44
27
20
24
35
20
19
24
19
15
24
17
23
32
17
16
23
16
12
23
14
22
29
14
13
22
13
9
22
11
21
26
11
10
21
10
3
21
45
25
38
45
46
25
46
18
25
7
19
18
7
6
19
6
15
19
6
16
15
6
5
16
5
12
16
5
13
12
5
2
13
2
9
13
46
7
18
4
1
47
1
0
47
2
10
9
2
1
10
1
3
10
