E2::qtgl/buffer/normals/3d/text
48
-0.288736
-0.198920
-0.936491
0.396710
-0.426283
-0.812922
-0.064119
-0.349071
-0.934874
0.661489
-0.408521
-0.628895
0.855800
0.004242
-0.517258
-0.424024
0.181524
-0.887234
-0.386883
0.524186
-0.758629
0.426130
0.221168
-0.877194
0.942412
-0.331553
0.043733
-0.252724
-0.919218
-0.301859
0.286416
-0.874203
-0.392041
0.015778
-0.999512
-0.026215
-0.767144
0.065706
-0.638050
-0.698843
-0.537156
-0.472243
-0.856014
-0.477737
0.197424
-0.420728
0.599597
-0.680746
-0.479690
0.520707
-0.706198
-0.601123
0.799127
-0.003388
0.794671
0.586596
-0.156072
0.284524
0.768548
-0.573016
0.796045
0.605152
0.009430
0.441633
-0.874599
0.199988
-0.605304
-0.795099
-0.036836
-0.966338
0.255501
0.028962
0.000000
1.000000
0.000000
0.833827
0.551988
0.004608
0.553941
-0.754448
0.352000
0.462752
-0.517136
0.719993
0.379742
-0.568743
0.729576
-0.905759
-0.254646
0.338664
-0.317820
-0.847804
0.424512
-0.649312
-0.244087
0.720237
-0.436659
0.591388
0.677877
-0.665334
-0.151250
0.731040
-0.622242
0.454390
0.637410
0.420728
0.599597
0.680746
-0.347545
0.605152
0.716208
0.239875
0.718314
0.653035
0.703909
0.217139
0.676260
0.688162
0.499985
0.525712
0.744469
-0.001923
0.667623
-0.052400
0.018891
0.998444
-0.052400
0.018891
0.998444
0.744469
-0.001923
0.667623
0.703909
0.217139
0.676260
0.942412
-0.331553
0.043733
0.855800
0.004242
-0.517258
0.426130
0.221168
-0.877194
