E2::qtgl/buffer/texcoords/2d/0/text
48
0.447642
0.114425
0.779054
0.105190
0.610946
0.162314
0.896289
0.211381
0.966744
0.127302
0.500006
0.285927
0.384772
0.279298
0.273802
0.124799
0.957926
0.342756
0.683120
0.308744
0.779693
0.224112
0.761030
0.402645
0.523333
0.465978
0.602250
0.383492
0.588522
0.583649
0.356915
0.456662
0.440217
0.457027
0.385798
0.632218
0.196388
0.291098
0.284328
0.357441
0.204398
0.476898
0.856766
0.339248
0.675365
0.494569
0.497557
0.643396
0.290063
0.568821
0.117554
0.387818
0.827882
0.514804
0.911185
0.514440
0.855740
0.692169
0.667356
0.680369
0.745435
0.594053
0.744885
0.825092
0.434593
0.799688
0.575512
0.794141
0.395239
0.985083
0.212153
0.662722
0.298354
0.780032
0.139979
0.809152
0.052365
0.505489
0.125949
0.598760
0.029039
0.685539
0.028065
0.872144
0.970000
0.872144
0.970974
0.685539
0.994300
0.505489
0.015991
0.342756
0.104545
0.177325
0.785536
0.003908
