E2::qtgl/buffer/diffuse_colours/text
24
0.800000
0.800000
0.800000
1.000000
0.800000
0.800000
0.800000
1.000000
0.800000
0.800000
0.800000
1.000000
0.800000
0.800000
0.800000
1.000000
0.800000
0.800000
0.800000
1.000000
0.800000
0.800000
0.800000
1.000000
0.800000
0.800000
0.800000
1.000000
0.800000
0.800000
0.800000
1.000000
0.800000
0.800000
0.800000
1.000000
0.800000
0.800000
0.800000
1.000000
0.800000
0.800000
0.800000
1.000000
0.800000
0.800000
0.800000
1.000000
0.800000
0.800000
0.800000
1.000000
0.800000
0.800000
0.800000
1.000000
0.800000
0.800000
0.800000
1.000000
0.800000
0.800000
0.800000
1.000000
0.800000
0.800000
0.800000
1.000000
0.800000
0.800000
0.800000
1.000000
0.800000
0.800000
0.800000
1.000000
0.800000
0.800000
0.800000
1.000000
0.800000
0.800000
0.800000
1.000000
0.800000
0.800000
0.800000
1.000000
0.800000
0.800000
0.800000
1.000000
0.800000
0.800000
0.800000
1.000000
