E2::qtgl/buffer/normals/3d/text
24
0.000000
0.000000
-1.000000
1.000000
0.000000
0.000000
0.000000
-1.000000
0.000000
0.000000
0.000000
-1.000000
0.000000
1.000000
0.000000
1.000000
0.000000
0.000000
0.000000
1.000000
0.000000
0.000000
0.000000
1.000000
1.000000
0.000000
0.000000
0.000000
0.000000
-1.000000
0.000000
-1.000000
0.000000
-1.000000
0.000000
0.000000
1.000000
0.000000
0.000000
0.000000
0.000000
1.000000
0.000000
-1.000000
0.000000
0.000000
-1.000000
0.000000
0.000000
0.000000
1.000000
-1.000000
0.000000
0.000000
0.000000
0.000000
-1.000000
-1.000000
0.000000
0.000000
0.000000
1.000000
0.000000
-1.000000
0.000000
0.000000
0.000000
0.000000
1.000000
0.000000
1.000000
0.000000
