E2::qtgl/buffer/vertices/3d/text
24
0.000000
0.000000
-0.250000
0.250000
-0.000000
-0.000000
-0.000000
-0.250000
-0.000000
0.000000
0.000000
-0.250000
0.000000
0.250000
-0.000000
0.250000
-0.000000
-0.000000
0.000000
0.250000
-0.000000
0.000000
0.000000
0.250000
0.250000
-0.000000
-0.000000
0.000000
0.000000
-0.250000
-0.000000
-0.250000
-0.000000
-0.250000
0.000000
-0.000000
0.250000
-0.000000
-0.000000
0.000000
0.000000
0.250000
-0.000000
-0.250000
-0.000000
-0.000000
-0.250000
-0.000000
0.000000
0.000000
0.250000
-0.250000
0.000000
-0.000000
0.000000
0.000000
-0.250000
-0.250000
0.000000
-0.000000
0.000000
0.250000
-0.000000
-0.250000
0.000000
-0.000000
0.000000
0.000000
0.250000
0.000000
0.250000
-0.000000
