28
0.427750
-0.008700
0.014500
0.142100
0.988900
0.014500
0.000000
0.988900
0.014500
0.439350
0.294350
0.014500
0.875800
0.988900
0.014500
0.735150
0.988900
0.014500
0.456750
-0.008700
0.014500
0.142100
0.988900
-0.014500
0.427750
-0.008700
-0.014500
0.000000
0.988900
-0.014500
0.439350
0.294350
-0.014500
0.875800
0.988900
-0.014500
0.735150
0.988900
-0.014500
0.456750
-0.008700
-0.014500
0.427750
-0.008700
0.014500
0.000000
0.988900
0.014500
0.000000
0.988900
-0.014500
0.427750
-0.008700
-0.014500
0.142100
0.988900
0.014500
0.142100
0.988900
-0.014500
0.439350
0.294350
0.014500
0.439350
0.294350
-0.014500
0.735150
0.988900
0.014500
0.735150
0.988900
-0.014500
0.875800
0.988900
0.014500
0.875800
0.988900
-0.014500
0.456750
-0.008700
0.014500
0.456750
-0.008700
-0.014500
