208
-0.121353
-0.088167
0.000000
-0.142659
-0.046353
0.000000
-0.131799
-0.046353
-0.054594
-0.112116
-0.088167
-0.046440
-0.142659
0.046353
0.000000
-0.121353
0.088167
0.000000
-0.112116
0.088167
-0.046440
-0.131799
0.046353
-0.054594
-0.088167
-0.121353
0.000000
-0.081456
-0.121353
-0.033741
-0.150000
0.000000
0.000000
-0.138582
0.000000
-0.057402
-0.088167
0.121353
0.000000
-0.046353
0.142659
0.000000
-0.042825
0.142659
-0.017739
-0.081456
0.121353
-0.033741
-0.046353
-0.142659
0.000000
-0.042825
-0.142659
-0.017739
-0.150000
0.000000
0.000000
-0.138582
0.000000
-0.057402
-0.100875
-0.046353
-0.100875
-0.085809
-0.088167
-0.085809
-0.085809
0.088167
-0.085809
-0.100875
0.046353
-0.100875
-0.062343
-0.121353
-0.062343
-0.106065
0.000000
-0.106065
-0.032775
0.142659
-0.032775
-0.062343
0.121353
-0.062343
-0.032775
-0.142659
-0.032775
-0.106065
0.000000
-0.106065
-0.033741
0.121353
-0.081456
-0.046440
0.088167
-0.112116
-0.054594
-0.046353
-0.131799
-0.046440
-0.088167
-0.112116
-0.054594
0.046353
-0.131799
-0.033741
-0.121353
-0.081456
-0.057402
0.000000
-0.138582
-0.017739
0.142659
-0.042825
-0.017739
-0.142659
-0.042825
-0.057402
0.000000
-0.138582
0.000000
0.000000
-0.150000
0.000000
-0.046353
-0.142659
0.000000
0.121353
-0.088167
0.000000
0.088167
-0.121353
0.000000
-0.088167
-0.121353
0.000000
0.046353
-0.142659
0.000000
-0.121353
-0.088167
0.000000
0.000000
-0.150000
0.000000
0.142659
-0.046353
0.000000
-0.142659
-0.046353
0.000000
0.121353
-0.088167
0.000000
0.142659
-0.046353
0.017739
0.142659
-0.042825
0.033741
0.121353
-0.081456
0.000000
-0.142659
-0.046353
0.000000
-0.121353
-0.088167
0.033741
-0.121353
-0.081456
0.017739
-0.142659
-0.042825
0.000000
-0.046353
-0.142659
0.000000
0.000000
-0.150000
0.057402
0.000000
-0.138582
0.054594
-0.046353
-0.131799
0.000000
0.088167
-0.121353
0.046440
0.088167
-0.112116
0.000000
-0.088167
-0.121353
0.046440
-0.088167
-0.112116
0.000000
0.046353
-0.142659
0.054594
0.046353
-0.131799
0.000000
0.000000
-0.150000
0.057402
0.000000
-0.138582
0.085809
-0.088167
-0.085809
0.062343
-0.121353
-0.062343
0.100875
0.046353
-0.100875
0.106065
0.000000
-0.106065
0.032775
0.142659
-0.032775
0.062343
0.121353
-0.062343
0.032775
-0.142659
-0.032775
0.106065
0.000000
-0.106065
0.100875
-0.046353
-0.100875
0.085809
0.088167
-0.085809
0.112116
0.088167
-0.046440
0.131799
0.046353
-0.054594
0.112116
-0.088167
-0.046440
0.081456
-0.121353
-0.033741
0.138582
0.000000
-0.057402
0.042825
0.142659
-0.017739
0.081456
0.121353
-0.033741
0.042825
-0.142659
-0.017739
0.138582
0.000000
-0.057402
0.131799
-0.046353
-0.054594
0.142659
-0.046353
0.000000
0.121353
-0.088167
0.000000
0.121353
0.088167
0.000000
0.142659
0.046353
0.000000
0.088167
-0.121353
0.000000
0.150000
0.000000
0.000000
0.046353
0.142659
0.000000
0.088167
0.121353
0.000000
0.046353
-0.142659
0.000000
0.150000
0.000000
0.000000
0.121353
0.088167
0.000000
0.088167
0.121353
0.000000
0.081456
0.121353
0.033741
0.112116
0.088167
0.046440
0.121353
-0.088167
0.000000
0.142659
-0.046353
0.000000
0.131799
-0.046353
0.054594
0.112116
-0.088167
0.046440
0.142659
0.046353
0.000000
0.131799
0.046353
0.054594
0.088167
-0.121353
0.000000
0.081456
-0.121353
0.033741
0.150000
0.000000
0.000000
0.138582
0.000000
0.057402
0.046353
0.142659
0.000000
0.042825
0.142659
0.017739
0.046353
-0.142659
0.000000
0.042825
-0.142659
0.017739
0.150000
0.000000
0.000000
0.138582
0.000000
0.057402
0.062343
-0.121353
0.062343
0.032775
-0.142659
0.032775
0.106065
0.000000
0.106065
0.100875
-0.046353
0.100875
0.062343
0.121353
0.062343
0.085809
0.088167
0.085809
0.085809
-0.088167
0.085809
0.100875
0.046353
0.100875
0.106065
0.000000
0.106065
0.032775
0.142659
0.032775
0.054594
0.046353
0.131799
0.057402
0.000000
0.138582
0.017739
0.142659
0.042825
0.033741
0.121353
0.081456
0.033741
-0.121353
0.081456
0.017739
-0.142659
0.042825
0.057402
0.000000
0.138582
0.054594
-0.046353
0.131799
0.046440
0.088167
0.112116
0.046440
-0.088167
0.112116
0.000000
-0.088167
0.121353
0.000000
-0.121353
0.088167
0.000000
0.046353
0.142659
0.000000
0.000000
0.150000
0.000000
0.142659
0.046353
0.000000
0.121353
0.088167
0.000000
-0.142659
0.046353
0.000000
0.000000
0.150000
0.000000
-0.046353
0.142659
0.000000
0.088167
0.121353
0.000000
0.046353
0.142659
0.000000
0.088167
0.121353
-0.046440
0.088167
0.112116
-0.054594
0.046353
0.131799
0.000000
-0.121353
0.088167
0.000000
-0.088167
0.121353
-0.046440
-0.088167
0.112116
-0.033741
-0.121353
0.081456
0.000000
0.000000
0.150000
-0.057402
0.000000
0.138582
0.000000
0.121353
0.088167
0.000000
0.142659
0.046353
-0.017739
0.142659
0.042825
-0.033741
0.121353
0.081456
0.000000
-0.142659
0.046353
-0.017739
-0.142659
0.042825
0.000000
-0.046353
0.142659
0.000000
0.000000
0.150000
-0.057402
0.000000
0.138582
-0.054594
-0.046353
0.131799
-0.100875
-0.046353
0.100875
-0.085809
-0.088167
0.085809
-0.085809
0.088167
0.085809
-0.100875
0.046353
0.100875
-0.062343
-0.121353
0.062343
-0.106065
0.000000
0.106065
-0.032775
0.142659
0.032775
-0.062343
0.121353
0.062343
-0.032775
-0.142659
0.032775
-0.106065
0.000000
0.106065
-0.138582
0.000000
0.057402
-0.131799
-0.046353
0.054594
-0.081456
0.121353
0.033741
-0.112116
0.088167
0.046440
-0.112116
-0.088167
0.046440
-0.131799
0.046353
0.054594
-0.081456
-0.121353
0.033741
-0.138582
0.000000
0.057402
-0.042825
0.142659
0.017739
-0.042825
-0.142659
0.017739
0.000000
0.150000
0.000000
0.000000
-0.150000
0.000000
0.000000
-0.150000
0.000000
0.000000
0.150000
0.000000
0.000000
-0.150000
0.000000
0.000000
0.150000
0.000000
0.000000
0.150000
0.000000
0.000000
-0.150000
0.000000
-0.046353
0.142659
0.000000
-0.088167
0.121353
0.000000
-0.088167
-0.121353
0.000000
-0.046353
-0.142659
0.000000
-0.150000
0.000000
0.000000
-0.142659
-0.046353
0.000000
-0.121353
0.088167
0.000000
-0.121353
-0.088167
0.000000
-0.142659
0.046353
0.000000
-0.150000
0.000000
0.000000
