3
248
0
1
2
3
1
0
4
1
3
4
5
1
6
5
4
7
5
6
8
9
7
9
5
7
9
10
5
10
11
5
11
12
5
12
13
5
12
14
13
14
15
13
15
16
13
17
16
15
18
16
17
18
19
16
20
19
18
21
19
20
21
22
19
23
22
21
23
24
22
25
24
23
25
26
24
27
26
25
28
26
27
28
29
26
30
29
28
31
29
30
31
32
29
31
33
32
31
34
33
31
35
34
35
36
34
37
36
35
38
36
37
38
39
36
40
39
38
40
41
39
42
41
40
42
43
41
44
43
42
45
43
44
46
47
48
45
49
43
50
49
45
46
51
47
52
49
50
46
53
51
46
54
53
55
49
52
46
55
54
46
49
55
46
56
49
57
56
46
57
58
56
59
58
57
60
58
59
60
61
58
62
61
60
63
64
65
63
66
64
63
67
66
68
67
63
68
69
67
68
70
69
71
72
70
68
71
70
73
71
68
74
73
68
75
74
68
76
75
68
77
75
76
78
77
76
79
78
76
79
80
78
79
81
80
82
81
79
82
83
81
82
84
83
85
84
82
85
86
84
87
86
85
87
88
86
89
88
87
89
90
88
89
91
90
92
91
89
92
93
91
92
94
93
95
94
92
96
94
95
97
94
96
98
94
97
99
98
97
99
100
98
99
101
100
102
101
99
102
103
101
104
103
102
104
105
103
106
105
104
106
107
105
106
108
107
109
110
111
112
108
106
112
113
108
114
110
109
112
115
113
116
110
114
117
110
116
112
118
115
118
110
117
112
110
118
119
110
112
119
120
110
121
120
119
121
122
120
121
123
122
124
123
121
124
125
123
126
127
128
126
128
129
127
130
131
127
131
128
130
132
133
130
133
131
132
134
135
132
135
133
134
136
137
134
137
135
136
138
139
136
139
137
138
140
141
138
141
139
140
142
143
140
143
141
142
144
145
142
145
143
144
146
147
144
147
145
146
148
149
146
149
147
148
150
151
148
151
149
150
152
153
150
153
151
152
154
155
152
155
153
154
156
157
154
157
155
156
158
159
156
159
157
158
160
161
158
161
159
160
162
163
160
163
161
162
164
165
162
165
163
164
166
167
164
167
165
166
168
169
166
169
167
168
170
171
168
171
169
170
172
173
170
173
171
172
174
175
172
175
173
174
176
177
174
177
175
176
178
179
176
179
177
178
180
181
178
181
179
180
182
183
180
183
181
182
184
185
182
185
183
184
186
187
184
187
185
186
188
189
186
189
187
188
190
191
188
191
189
190
192
193
190
193
191
192
194
195
192
195
193
194
196
197
194
197
195
196
198
199
196
199
197
198
200
201
198
201
199
200
202
203
200
203
201
202
204
205
202
205
203
204
206
207
204
207
205
206
208
209
206
209
207
208
210
211
208
211
209
210
212
213
210
213
211
212
214
215
212
215
213
214
216
217
214
217
215
216
218
219
216
219
217
218
220
221
218
221
219
220
222
223
220
223
221
222
224
225
222
225
223
224
226
227
224
227
225
226
228
229
226
229
227
228
230
231
228
231
229
230
232
233
230
233
231
232
234
235
232
235
233
234
236
237
234
237
235
236
238
239
236
239
237
238
240
241
238
241
239
240
242
243
240
243
241
242
244
245
242
245
243
244
246
247
244
247
245
246
248
249
246
249
247
248
250
251
248
251
249
250
126
129
250
129
251
