252
0.264956
1.000361
0.014500
0.405640
0.990141
0.014500
0.307400
1.001950
0.014500
0.225713
0.995501
0.014500
0.188697
0.987230
0.014500
0.486411
0.956200
0.014500
0.152934
0.975409
0.014500
0.117450
0.959900
0.014500
0.117450
0.825050
0.014500
0.155962
0.841116
0.014500
0.190646
0.853006
0.014500
0.222894
0.861068
0.014500
0.254098
0.865650
0.014500
0.547207
0.902353
0.014500
0.285650
0.867100
0.014500
0.343534
0.860488
0.014500
0.585522
0.830827
0.014500
0.390978
0.841348
0.014500
0.426590
0.810724
0.014500
0.598850
0.743850
0.014500
0.448978
0.769660
0.014500
0.456750
0.719200
0.014500
0.594361
0.683194
0.014500
0.448920
0.669749
0.014500
0.580336
0.632351
0.014500
0.425430
0.629834
0.014500
0.555942
0.589651
0.014500
0.386280
0.600289
0.014500
0.331470
0.581949
0.014500
0.520341
0.553424
0.014500
0.261000
0.575650
0.014500
0.261000
0.445150
0.014500
0.472700
0.522000
0.014500
0.525341
0.495622
0.014500
0.565314
0.455393
0.014500
0.337026
0.440069
0.014500
0.593178
0.404863
0.014500
0.396279
0.418076
0.014500
0.438689
0.382092
0.014500
0.609487
0.347582
0.014500
0.464186
0.335043
0.014500
0.614800
0.287100
0.014500
0.472700
0.279850
0.014500
0.599917
0.187955
0.014500
0.465438
0.226664
0.014500
0.444535
0.182874
0.014500
0.092800
0.043500
0.014500
0.137715
0.169870
0.014500
0.092800
0.197200
0.014500
0.557682
0.105026
0.014500
0.411313
0.149872
0.014500
0.182074
0.148735
0.014500
0.367094
0.129050
0.014500
0.226014
0.133725
0.014500
0.269677
0.124770
0.014500
0.313200
0.121800
0.014500
0.491712
0.041656
0.014500
0.135407
0.023699
0.014500
0.405629
0.001183
0.014500
0.177874
0.007934
0.014500
0.220064
-0.003584
0.014500
0.303050
-0.013050
0.014500
0.261835
-0.010649
0.014500
0.405640
0.990141
-0.014500
0.264956
1.000361
-0.014500
0.307400
1.001950
-0.014500
0.225713
0.995501
-0.014500
0.188697
0.987230
-0.014500
0.486411
0.956200
-0.014500
0.152934
0.975409
-0.014500
0.117450
0.959900
-0.014500
0.155962
0.841116
-0.014500
0.117450
0.825050
-0.014500
0.190646
0.853006
-0.014500
0.222894
0.861068
-0.014500
0.254098
0.865650
-0.014500
0.547207
0.902353
-0.014500
0.285650
0.867100
-0.014500
0.343534
0.860488
-0.014500
0.585522
0.830827
-0.014500
0.390978
0.841348
-0.014500
0.426590
0.810724
-0.014500
0.598850
0.743850
-0.014500
0.448978
0.769660
-0.014500
0.456750
0.719200
-0.014500
0.594361
0.683194
-0.014500
0.448920
0.669749
-0.014500
0.580336
0.632351
-0.014500
0.425430
0.629834
-0.014500
0.555942
0.589651
-0.014500
0.386280
0.600289
-0.014500
0.331470
0.581949
-0.014500
0.520341
0.553424
-0.014500
0.261000
0.575650
-0.014500
0.261000
0.445150
-0.014500
0.472700
0.522000
-0.014500
0.525341
0.495622
-0.014500
0.565314
0.455393
-0.014500
0.337026
0.440069
-0.014500
0.593178
0.404863
-0.014500
0.396279
0.418076
-0.014500
0.438689
0.382092
-0.014500
0.609487
0.347582
-0.014500
0.464186
0.335043
-0.014500
0.614800
0.287100
-0.014500
0.472700
0.279850
-0.014500
0.599917
0.187955
-0.014500
0.465438
0.226664
-0.014500
0.444535
0.182874
-0.014500
0.137715
0.169870
-0.014500
0.092800
0.043500
-0.014500
0.092800
0.197200
-0.014500
0.557682
0.105026
-0.014500
0.411313
0.149872
-0.014500
0.182074
0.148735
-0.014500
0.367094
0.129050
-0.014500
0.226014
0.133725
-0.014500
0.269677
0.124770
-0.014500
0.313200
0.121800
-0.014500
0.491712
0.041656
-0.014500
0.135407
0.023699
-0.014500
0.405629
0.001183
-0.014500
0.177874
0.007934
-0.014500
0.220064
-0.003584
-0.014500
0.303050
-0.013050
-0.014500
0.261835
-0.010649
-0.014500
0.152934
0.975409
0.014500
0.188697
0.987230
0.014500
0.188697
0.987230
-0.014500
0.152934
0.975409
-0.014500
0.225713
0.995501
0.014500
0.225713
0.995501
-0.014500
0.264956
1.000361
0.014500
0.264956
1.000361
-0.014500
0.307400
1.001950
0.014500
0.307400
1.001950
-0.014500
0.405640
0.990141
0.014500
0.405640
0.990141
-0.014500
0.486411
0.956200
0.014500
0.486411
0.956200
-0.014500
0.547207
0.902353
0.014500
0.547207
0.902353
-0.014500
0.585522
0.830827
0.014500
0.585522
0.830827
-0.014500
0.598850
0.743850
0.014500
0.598850
0.743850
-0.014500
0.594361
0.683194
0.014500
0.594361
0.683194
-0.014500
0.580336
0.632351
0.014500
0.580336
0.632351
-0.014500
0.555942
0.589651
0.014500
0.555942
0.589651
-0.014500
0.520341
0.553424
0.014500
0.520341
0.553424
-0.014500
0.472700
0.522000
0.014500
0.472700
0.522000
-0.014500
0.525341
0.495622
0.014500
0.525341
0.495622
-0.014500
0.565314
0.455393
0.014500
0.565314
0.455393
-0.014500
0.593178
0.404863
0.014500
0.593178
0.404863
-0.014500
0.609487
0.347582
0.014500
0.609487
0.347582
-0.014500
0.614800
0.287100
0.014500
0.614800
0.287100
-0.014500
0.599917
0.187955
0.014500
0.599917
0.187955
-0.014500
0.557682
0.105026
0.014500
0.557682
0.105026
-0.014500
0.491712
0.041656
0.014500
0.491712
0.041656
-0.014500
0.405629
0.001183
0.014500
0.405629
0.001183
-0.014500
0.303050
-0.013050
0.014500
0.303050
-0.013050
-0.014500
0.261835
-0.010649
0.014500
0.261835
-0.010649
-0.014500
0.220064
-0.003584
0.014500
0.220064
-0.003584
-0.014500
0.177874
0.007934
0.014500
0.177874
0.007934
-0.014500
0.135407
0.023699
0.014500
0.135407
0.023699
-0.014500
0.092800
0.043500
0.014500
0.092800
0.043500
-0.014500
0.092800
0.197200
0.014500
0.092800
0.197200
-0.014500
0.137715
0.169870
0.014500
0.137715
0.169870
-0.014500
0.182074
0.148735
0.014500
0.182074
0.148735
-0.014500
0.226014
0.133725
0.014500
0.226014
0.133725
-0.014500
0.269677
0.124770
0.014500
0.269677
0.124770
-0.014500
0.313200
0.121800
0.014500
0.313200
0.121800
-0.014500
0.367094
0.129050
0.014500
0.367094
0.129050
-0.014500
0.411313
0.149872
0.014500
0.411313
0.149872
-0.014500
0.444535
0.182874
0.014500
0.444535
0.182874
-0.014500
0.465438
0.226664
0.014500
0.465438
0.226664
-0.014500
0.472700
0.279850
0.014500
0.472700
0.279850
-0.014500
0.464186
0.335043
0.014500
0.464186
0.335043
-0.014500
0.438689
0.382092
0.014500
0.438689
0.382092
-0.014500
0.396279
0.418076
0.014500
0.396279
0.418076
-0.014500
0.337026
0.440069
0.014500
0.337026
0.440069
-0.014500
0.261000
0.445150
0.014500
0.261000
0.445150
-0.014500
0.261000
0.575650
0.014500
0.261000
0.575650
-0.014500
0.331470
0.581949
0.014500
0.331470
0.581949
-0.014500
0.386280
0.600289
0.014500
0.386280
0.600289
-0.014500
0.425430
0.629834
0.014500
0.425430
0.629834
-0.014500
0.448920
0.669749
0.014500
0.448920
0.669749
-0.014500
0.456750
0.719200
0.014500
0.456750
0.719200
-0.014500
0.448978
0.769660
0.014500
0.448978
0.769660
-0.014500
0.426590
0.810724
0.014500
0.426590
0.810724
-0.014500
0.390978
0.841348
0.014500
0.390978
0.841348
-0.014500
0.343534
0.860488
0.014500
0.343534
0.860488
-0.014500
0.285650
0.867100
0.014500
0.285650
0.867100
-0.014500
0.254098
0.865650
0.014500
0.254098
0.865650
-0.014500
0.222894
0.861068
0.014500
0.222894
0.861068
-0.014500
0.190646
0.853006
0.014500
0.190646
0.853006
-0.014500
0.155962
0.841116
0.014500
0.155962
0.841116
-0.014500
0.117450
0.825050
0.014500
0.117450
0.825050
-0.014500
0.117450
0.959900
0.014500
0.117450
0.959900
-0.014500
