208
-0.815516
0.000000
-0.578692
-0.952818
0.000000
-0.303446
-0.880306
0.364635
-0.303415
-0.753441
0.312082
-0.578692
-0.952818
0.000000
0.303446
-0.815516
0.000000
0.578692
-0.753441
0.312082
0.578692
-0.880306
0.364635
0.303415
-0.600269
0.000000
-0.799768
-0.554552
0.229713
-0.799768
-1.000000
0.000000
0.000000
-0.923856
0.382672
0.000000
-0.600269
0.000000
0.799768
-0.326456
0.000000
0.945189
-0.301614
0.124943
0.945189
-0.554552
0.229713
0.799768
-0.326456
0.000000
-0.945189
-0.301614
0.124943
-0.945189
-1.000000
0.000000
0.000000
-0.923856
0.382672
0.000000
-0.673757
0.673757
-0.303415
-0.576647
0.576647
-0.578692
-0.576647
0.576647
0.578692
-0.673757
0.673757
0.303415
-0.424451
0.424451
-0.799768
-0.707083
0.707083
0.000000
-0.230842
0.230842
0.945189
-0.424451
0.424451
0.799768
-0.230842
0.230842
-0.945189
-0.707083
0.707083
0.000000
-0.229713
0.554552
0.799768
-0.312082
0.753441
0.578692
-0.364635
0.880306
-0.303415
-0.312082
0.753441
-0.578692
-0.364635
0.880306
0.303415
-0.229713
0.554552
-0.799768
-0.382672
0.923856
0.000000
-0.124943
0.301614
0.945189
-0.124943
0.301614
-0.945189
-0.382672
0.923856
0.000000
0.000000
1.000000
0.000000
0.000000
0.952818
-0.303446
0.000000
0.600269
0.799768
0.000000
0.815516
0.578692
0.000000
0.815516
-0.578692
0.000000
0.952818
0.303446
0.000000
0.600269
-0.799768
0.000000
1.000000
0.000000
0.000000
0.326456
0.945189
0.000000
0.326456
-0.945189
0.000000
0.600269
0.799768
0.000000
0.326456
0.945189
0.124943
0.301614
0.945189
0.229713
0.554552
0.799768
0.000000
0.326456
-0.945189
0.000000
0.600269
-0.799768
0.229713
0.554552
-0.799768
0.124943
0.301614
-0.945189
0.000000
0.952818
-0.303446
0.000000
1.000000
0.000000
0.382672
0.923856
0.000000
0.364635
0.880306
-0.303415
0.000000
0.815516
0.578692
0.312082
0.753441
0.578692
0.000000
0.815516
-0.578692
0.312082
0.753441
-0.578692
0.000000
0.952818
0.303446
0.364635
0.880306
0.303415
0.000000
1.000000
0.000000
0.382672
0.923856
0.000000
0.576647
0.576647
-0.578692
0.424451
0.424451
-0.799768
0.673757
0.673757
0.303415
0.707083
0.707083
0.000000
0.230842
0.230842
0.945189
0.424451
0.424451
0.799768
0.230842
0.230842
-0.945189
0.707083
0.707083
0.000000
0.673757
0.673757
-0.303415
0.576647
0.576647
0.578692
0.753441
0.312082
0.578692
0.880306
0.364635
0.303415
0.753441
0.312082
-0.578692
0.554552
0.229713
-0.799768
0.923856
0.382672
0.000000
0.301614
0.124943
0.945189
0.554552
0.229713
0.799768
0.301614
0.124943
-0.945189
0.923856
0.382672
0.000000
0.880306
0.364635
-0.303415
0.952818
0.000000
-0.303446
0.815516
0.000000
-0.578692
0.815516
0.000000
0.578692
0.952818
0.000000
0.303446
0.600269
0.000000
-0.799768
1.000000
0.000000
0.000000
0.326456
0.000000
0.945189
0.600269
0.000000
0.799768
0.326456
0.000000
-0.945189
1.000000
0.000000
0.000000
0.815516
0.000000
0.578692
0.600269
0.000000
0.799768
0.554552
-0.229713
0.799768
0.753441
-0.312082
0.578692
0.815516
0.000000
-0.578692
0.952818
0.000000
-0.303446
0.880306
-0.364635
-0.303415
0.753441
-0.312082
-0.578692
0.952818
0.000000
0.303446
0.880306
-0.364635
0.303415
0.600269
0.000000
-0.799768
0.554552
-0.229713
-0.799768
1.000000
0.000000
0.000000
0.923856
-0.382672
0.000000
0.326456
0.000000
0.945189
0.301614
-0.124943
0.945189
0.326456
0.000000
-0.945189
0.301614
-0.124943
-0.945189
1.000000
0.000000
0.000000
0.923856
-0.382672
0.000000
0.424451
-0.424451
-0.799768
0.230842
-0.230842
-0.945189
0.707083
-0.707083
0.000000
0.673757
-0.673757
-0.303415
0.424451
-0.424451
0.799768
0.576647
-0.576647
0.578692
0.576647
-0.576647
-0.578692
0.673757
-0.673757
0.303415
0.707083
-0.707083
0.000000
0.230842
-0.230842
0.945189
0.364635
-0.880306
0.303415
0.382672
-0.923856
0.000000
0.124943
-0.301614
0.945189
0.229713
-0.554552
0.799768
0.229713
-0.554552
-0.799768
0.124943
-0.301614
-0.945189
0.382672
-0.923856
0.000000
0.364635
-0.880306
-0.303415
0.312082
-0.753441
0.578692
0.312082
-0.753441
-0.578692
0.000000
-0.815516
-0.578692
0.000000
-0.600269
-0.799768
0.000000
-0.952818
0.303446
0.000000
-1.000000
0.000000
0.000000
-0.326456
0.945189
0.000000
-0.600269
0.799768
0.000000
-0.326456
-0.945189
0.000000
-1.000000
0.000000
0.000000
-0.952818
-0.303446
0.000000
-0.815516
0.578692
0.000000
-0.952818
0.303446
0.000000
-0.815516
0.578692
-0.312082
-0.753441
0.578692
-0.364635
-0.880306
0.303415
0.000000
-0.600269
-0.799768
0.000000
-0.815516
-0.578692
-0.312082
-0.753441
-0.578692
-0.229713
-0.554552
-0.799768
0.000000
-1.000000
0.000000
-0.382672
-0.923856
0.000000
0.000000
-0.600269
0.799768
0.000000
-0.326456
0.945189
-0.124943
-0.301614
0.945189
-0.229713
-0.554552
0.799768
0.000000
-0.326456
-0.945189
-0.124943
-0.301614
-0.945189
0.000000
-0.952818
-0.303446
0.000000
-1.000000
0.000000
-0.382672
-0.923856
0.000000
-0.364635
-0.880306
-0.303415
-0.673757
-0.673757
-0.303415
-0.576647
-0.576647
-0.578692
-0.576647
-0.576647
0.578692
-0.673757
-0.673757
0.303415
-0.424451
-0.424451
-0.799768
-0.707083
-0.707083
0.000000
-0.230842
-0.230842
0.945189
-0.424451
-0.424451
0.799768
-0.230842
-0.230842
-0.945189
-0.707083
-0.707083
0.000000
-0.923856
-0.382672
0.000000
-0.880306
-0.364635
-0.303415
-0.554552
-0.229713
0.799768
-0.753441
-0.312082
0.578692
-0.753441
-0.312082
-0.578692
-0.880306
-0.364635
0.303415
-0.554552
-0.229713
-0.799768
-0.923856
-0.382672
0.000000
-0.301614
-0.124943
0.945189
-0.301614
-0.124943
-0.945189
0.000000
0.000000
0.999969
0.000000
0.000000
-1.000000
0.000000
0.000000
-1.000000
0.000000
0.000000
0.999969
0.000000
0.000000
-1.000000
0.000000
0.000000
0.999969
0.000000
0.000000
0.999969
0.000000
0.000000
-1.000000
-0.326456
0.000000
0.945189
-0.600269
0.000000
0.799768
-0.600269
0.000000
-0.799768
-0.326456
0.000000
-0.945189
-1.000000
0.000000
0.000000
-0.952818
0.000000
-0.303446
-0.815516
0.000000
0.578692
-0.815516
0.000000
-0.578692
-0.952818
0.000000
0.303446
-1.000000
0.000000
0.000000
