208
0.197322
0.533668
0.099652
0.571296
0.157662
0.677069
0.237665
0.625219
0.103575
0.576636
0.196941
0.538170
0.238157
0.627070
0.158972
0.676679
0.297412
0.510802
0.320089
0.579506
0.016539
0.623733
0.078559
0.730433
0.296244
0.512640
0.398576
0.501606
0.407774
0.539345
0.320242
0.581142
0.398453
0.501160
0.407446
0.538525
0.005778
0.622518
0.075008
0.736242
0.228545
0.764899
0.294081
0.699794
0.294858
0.700297
0.227839
0.763478
0.359994
0.635779
0.155838
0.830137
0.428835
0.570571
0.360802
0.636706
0.428526
0.569756
0.159357
0.834884
0.415576
0.678310
0.367329
0.758952
0.313290
0.836786
0.365623
0.759039
0.313047
0.836982
0.414360
0.678265
0.251379
0.917414
0.459267
0.592597
0.459135
0.591894
0.256764
0.915628
0.361684
0.981305
0.411756
0.895605
0.483299
0.703153
0.457242
0.802145
0.453383
0.803277
0.416555
0.898245
0.482239
0.704571
0.362444
0.990117
0.496208
0.602779
0.496663
0.602353
0.509731
0.705755
0.499339
0.603356
0.537134
0.594396
0.578382
0.682187
0.500706
0.602471
0.510349
0.703512
0.579052
0.680835
0.538072
0.593479
0.570843
0.901272
0.622066
0.995146
0.735790
0.925916
0.676616
0.843262
0.534640
0.805217
0.623795
0.764558
0.533215
0.803602
0.624766
0.763259
0.572520
0.898822
0.672909
0.844052
0.619071
0.986151
0.726157
0.924801
0.699341
0.706843
0.635326
0.640930
0.760136
0.775730
0.826343
0.848147
0.568491
0.573531
0.634199
0.641976
0.569303
0.572399
0.834432
0.841567
0.764446
0.772380
0.697376
0.708316
0.756484
0.636214
0.834172
0.690984
0.758585
0.635301
0.677811
0.586565
0.914217
0.753154
0.590708
0.543236
0.676145
0.587464
0.591440
0.541790
0.915175
0.744160
0.836333
0.687634
0.895152
0.589168
0.802823
0.547541
0.800239
0.546573
0.896082
0.587862
0.704118
0.518685
0.987614
0.642547
0.601121
0.506360
0.701411
0.519898
0.601900
0.504262
0.980851
0.639239
0.804592
0.467413
0.705115
0.492259
0.681590
0.423593
0.763989
0.378232
0.803944
0.467138
0.901613
0.429510
0.843603
0.323738
0.763600
0.375587
0.898221
0.429591
0.843514
0.329168
0.703854
0.490005
0.681177
0.421301
0.985579
0.383095
0.924296
0.275970
0.602710
0.502587
0.593773
0.464786
0.602813
0.499647
0.593820
0.462282
0.995486
0.378287
0.926257
0.264564
0.641272
0.365027
0.572740
0.431051
0.841908
0.165922
0.772721
0.235907
0.641413
0.367751
0.707794
0.304616
0.707184
0.301013
0.775247
0.241898
0.847705
0.175736
0.572927
0.433416
0.690547
0.167809
0.752767
0.087803
0.542647
0.411181
0.586927
0.325771
0.586906
0.322542
0.542131
0.408913
0.744501
0.085179
0.687975
0.164021
0.635729
0.245463
0.635642
0.241768
0.547882
0.197531
0.519026
0.296236
0.587463
0.105834
0.642205
0.014337
0.505777
0.400744
0.519377
0.300462
0.504603
0.398454
0.639580
0.019502
0.589509
0.105202
0.546115
0.201651
0.428339
0.105074
0.466160
0.198703
0.376980
0.239306
0.327916
0.159781
0.491277
0.297225
0.468942
0.197015
0.377179
0.236872
0.422455
0.319537
0.381843
0.017716
0.274718
0.078999
0.491007
0.298180
0.501335
0.400586
0.463534
0.409522
0.422341
0.321705
0.500384
0.398315
0.462971
0.407110
0.431832
0.099147
0.381108
0.005003
0.267019
0.073629
0.325754
0.156596
0.237549
0.227011
0.302306
0.292892
0.303364
0.295501
0.240646
0.228048
0.365970
0.359143
0.174484
0.155589
0.432164
0.430368
0.366499
0.361882
0.431630
0.428024
0.167932
0.157454
0.086672
0.254430
0.165214
0.311374
0.324519
0.416368
0.244210
0.367566
0.242683
0.364118
0.166556
0.312748
0.323197
0.413283
0.086551
0.250528
0.409928
0.460648
0.409329
0.458515
0.500231
0.501529
0.500081
0.500455
0.500001
0.500843
0.499898
0.501703
0.501185
0.500353
0.501057
0.501964
0.500712
0.502238
0.500551
0.499946
0.399492
0.497518
0.299210
0.483918
0.296531
0.481022
0.398670
0.495987
0.020441
0.359001
0.105873
0.409526
0.200399
0.457180
0.197980
0.451643
0.104582
0.415831
0.013084
0.361089
