208
-0.080902
-0.058778
0.000000
-0.095106
-0.030902
0.000000
-0.087866
-0.030902
-0.036396
-0.074744
-0.058778
-0.030960
-0.095106
0.030902
0.000000
-0.080902
0.058778
0.000000
-0.074744
0.058778
-0.030960
-0.087866
0.030902
-0.036396
-0.058778
-0.080902
0.000000
-0.054304
-0.080902
-0.022494
-0.100000
0.000000
0.000000
-0.092388
0.000000
-0.038268
-0.058778
0.080902
0.000000
-0.030902
0.095106
0.000000
-0.028550
0.095106
-0.011826
-0.054304
0.080902
-0.022494
-0.030902
-0.095106
0.000000
-0.028550
-0.095106
-0.011826
-0.100000
0.000000
0.000000
-0.092388
0.000000
-0.038268
-0.067250
-0.030902
-0.067250
-0.057206
-0.058778
-0.057206
-0.057206
0.058778
-0.057206
-0.067250
0.030902
-0.067250
-0.041562
-0.080902
-0.041562
-0.070710
0.000000
-0.070710
-0.021850
0.095106
-0.021850
-0.041562
0.080902
-0.041562
-0.021850
-0.095106
-0.021850
-0.070710
0.000000
-0.070710
-0.022494
0.080902
-0.054304
-0.030960
0.058778
-0.074744
-0.036396
-0.030902
-0.087866
-0.030960
-0.058778
-0.074744
-0.036396
0.030902
-0.087866
-0.022494
-0.080902
-0.054304
-0.038268
0.000000
-0.092388
-0.011826
0.095106
-0.028550
-0.011826
-0.095106
-0.028550
-0.038268
0.000000
-0.092388
0.000000
0.000000
-0.100000
0.000000
-0.030902
-0.095106
0.000000
0.080902
-0.058778
0.000000
0.058778
-0.080902
0.000000
-0.058778
-0.080902
0.000000
0.030902
-0.095106
0.000000
-0.080902
-0.058778
0.000000
0.000000
-0.100000
0.000000
0.095106
-0.030902
0.000000
-0.095106
-0.030902
0.000000
0.080902
-0.058778
0.000000
0.095106
-0.030902
0.011826
0.095106
-0.028550
0.022494
0.080902
-0.054304
0.000000
-0.095106
-0.030902
0.000000
-0.080902
-0.058778
0.022494
-0.080902
-0.054304
0.011826
-0.095106
-0.028550
0.000000
-0.030902
-0.095106
0.000000
0.000000
-0.100000
0.038268
0.000000
-0.092388
0.036396
-0.030902
-0.087866
0.000000
0.058778
-0.080902
0.030960
0.058778
-0.074744
0.000000
-0.058778
-0.080902
0.030960
-0.058778
-0.074744
0.000000
0.030902
-0.095106
0.036396
0.030902
-0.087866
0.000000
0.000000
-0.100000
0.038268
0.000000
-0.092388
0.057206
-0.058778
-0.057206
0.041562
-0.080902
-0.041562
0.067250
0.030902
-0.067250
0.070710
0.000000
-0.070710
0.021850
0.095106
-0.021850
0.041562
0.080902
-0.041562
0.021850
-0.095106
-0.021850
0.070710
0.000000
-0.070710
0.067250
-0.030902
-0.067250
0.057206
0.058778
-0.057206
0.074744
0.058778
-0.030960
0.087866
0.030902
-0.036396
0.074744
-0.058778
-0.030960
0.054304
-0.080902
-0.022494
0.092388
0.000000
-0.038268
0.028550
0.095106
-0.011826
0.054304
0.080902
-0.022494
0.028550
-0.095106
-0.011826
0.092388
0.000000
-0.038268
0.087866
-0.030902
-0.036396
0.095106
-0.030902
0.000000
0.080902
-0.058778
0.000000
0.080902
0.058778
0.000000
0.095106
0.030902
0.000000
0.058778
-0.080902
0.000000
0.100000
0.000000
0.000000
0.030902
0.095106
0.000000
0.058778
0.080902
0.000000
0.030902
-0.095106
0.000000
0.100000
0.000000
0.000000
0.080902
0.058778
0.000000
0.058778
0.080902
0.000000
0.054304
0.080902
0.022494
0.074744
0.058778
0.030960
0.080902
-0.058778
0.000000
0.095106
-0.030902
0.000000
0.087866
-0.030902
0.036396
0.074744
-0.058778
0.030960
0.095106
0.030902
0.000000
0.087866
0.030902
0.036396
0.058778
-0.080902
0.000000
0.054304
-0.080902
0.022494
0.100000
0.000000
0.000000
0.092388
0.000000
0.038268
0.030902
0.095106
0.000000
0.028550
0.095106
0.011826
0.030902
-0.095106
0.000000
0.028550
-0.095106
0.011826
0.100000
0.000000
0.000000
0.092388
0.000000
0.038268
0.041562
-0.080902
0.041562
0.021850
-0.095106
0.021850
0.070710
0.000000
0.070710
0.067250
-0.030902
0.067250
0.041562
0.080902
0.041562
0.057206
0.058778
0.057206
0.057206
-0.058778
0.057206
0.067250
0.030902
0.067250
0.070710
0.000000
0.070710
0.021850
0.095106
0.021850
0.036396
0.030902
0.087866
0.038268
0.000000
0.092388
0.011826
0.095106
0.028550
0.022494
0.080902
0.054304
0.022494
-0.080902
0.054304
0.011826
-0.095106
0.028550
0.038268
0.000000
0.092388
0.036396
-0.030902
0.087866
0.030960
0.058778
0.074744
0.030960
-0.058778
0.074744
0.000000
-0.058778
0.080902
0.000000
-0.080902
0.058778
0.000000
0.030902
0.095106
0.000000
0.000000
0.100000
0.000000
0.095106
0.030902
0.000000
0.080902
0.058778
0.000000
-0.095106
0.030902
0.000000
0.000000
0.100000
0.000000
-0.030902
0.095106
0.000000
0.058778
0.080902
0.000000
0.030902
0.095106
0.000000
0.058778
0.080902
-0.030960
0.058778
0.074744
-0.036396
0.030902
0.087866
0.000000
-0.080902
0.058778
0.000000
-0.058778
0.080902
-0.030960
-0.058778
0.074744
-0.022494
-0.080902
0.054304
0.000000
0.000000
0.100000
-0.038268
0.000000
0.092388
0.000000
0.080902
0.058778
0.000000
0.095106
0.030902
-0.011826
0.095106
0.028550
-0.022494
0.080902
0.054304
0.000000
-0.095106
0.030902
-0.011826
-0.095106
0.028550
0.000000
-0.030902
0.095106
0.000000
0.000000
0.100000
-0.038268
0.000000
0.092388
-0.036396
-0.030902
0.087866
-0.067250
-0.030902
0.067250
-0.057206
-0.058778
0.057206
-0.057206
0.058778
0.057206
-0.067250
0.030902
0.067250
-0.041562
-0.080902
0.041562
-0.070710
0.000000
0.070710
-0.021850
0.095106
0.021850
-0.041562
0.080902
0.041562
-0.021850
-0.095106
0.021850
-0.070710
0.000000
0.070710
-0.092388
0.000000
0.038268
-0.087866
-0.030902
0.036396
-0.054304
0.080902
0.022494
-0.074744
0.058778
0.030960
-0.074744
-0.058778
0.030960
-0.087866
0.030902
0.036396
-0.054304
-0.080902
0.022494
-0.092388
0.000000
0.038268
-0.028550
0.095106
0.011826
-0.028550
-0.095106
0.011826
0.000000
0.100000
0.000000
0.000000
-0.100000
0.000000
0.000000
-0.100000
0.000000
0.000000
0.100000
0.000000
0.000000
-0.100000
0.000000
0.000000
0.100000
0.000000
0.000000
0.100000
0.000000
0.000000
-0.100000
0.000000
-0.030902
0.095106
0.000000
-0.058778
0.080902
0.000000
-0.058778
-0.080902
0.000000
-0.030902
-0.095106
0.000000
-0.100000
0.000000
0.000000
-0.095106
-0.030902
0.000000
-0.080902
0.058778
0.000000
-0.080902
-0.058778
0.000000
-0.095106
0.030902
0.000000
-0.100000
0.000000
0.000000
