3
324
0
1
2
3
1
0
3
4
1
5
4
3
5
6
4
7
8
5
8
9
5
9
6
5
9
10
6
10
11
6
7
12
8
13
11
10
7
14
12
15
11
13
7
16
14
17
16
7
15
18
11
19
18
15
17
20
16
21
18
19
17
22
20
23
22
17
24
18
21
24
25
18
23
26
22
27
25
24
27
28
25
29
26
23
29
30
26
31
28
27
31
32
28
33
30
29
33
34
30
35
32
31
35
36
32
37
34
33
37
38
34
38
36
35
37
36
38
37
39
36
40
39
37
41
39
40
41
42
39
41
43
42
44
45
41
45
43
41
44
46
45
47
43
45
47
48
43
49
46
44
49
50
46
51
48
47
49
52
50
53
48
51
54
52
49
53
55
48
54
56
52
57
55
53
54
58
56
59
55
57
60
58
54
59
61
55
60
62
58
63
61
59
64
62
60
63
65
61
66
65
63
64
67
62
68
65
66
64
69
67
70
69
64
68
71
65
72
71
68
70
73
69
74
71
72
70
74
73
70
71
74
75
71
70
75
76
71
77
76
75
77
78
76
79
78
77
80
81
82
80
83
81
84
83
80
84
85
83
86
85
84
87
88
85
89
87
85
86
89
85
90
89
86
91
90
86
92
88
87
91
93
90
94
88
92
91
95
93
96
88
94
96
97
88
98
95
91
98
99
95
100
97
96
98
101
99
102
97
100
102
103
97
98
104
101
105
104
98
106
103
102
105
107
104
108
107
105
106
109
103
110
109
106
108
111
107
112
111
108
110
113
109
114
113
110
112
115
111
116
115
112
114
117
113
118
117
114
116
118
115
116
117
118
119
117
116
119
120
117
119
121
120
122
121
119
123
121
122
124
125
121
123
124
121
126
125
124
123
127
124
128
127
123
126
129
125
130
129
126
128
131
127
132
129
130
128
133
131
132
134
129
135
133
128
136
134
132
135
137
133
138
134
136
135
139
137
138
140
134
141
139
135
142
140
138
141
143
139
142
144
140
145
143
141
145
146
143
147
144
142
145
148
146
149
144
147
149
150
144
151
148
145
151
152
148
153
150
149
151
154
152
154
150
153
151
150
154
151
155
150
156
155
151
156
157
155
158
157
156
158
159
157
160
161
162
160
162
163
161
164
165
161
165
162
164
166
167
164
167
165
166
168
169
166
169
167
168
170
171
168
171
169
170
172
173
170
173
171
172
174
175
172
175
173
174
176
177
174
177
175
176
178
179
176
179
177
178
180
181
178
181
179
180
182
183
180
183
181
182
184
185
182
185
183
184
186
187
184
187
185
186
188
189
186
189
187
188
190
191
188
191
189
190
192
193
190
193
191
192
194
195
192
195
193
194
196
197
194
197
195
196
198
199
196
199
197
198
200
201
198
201
199
200
202
203
200
203
201
202
204
205
202
205
203
204
206
207
204
207
205
206
208
209
206
209
207
208
210
211
208
211
209
210
212
213
210
213
211
212
214
215
212
215
213
214
216
217
214
217
215
216
218
219
216
219
217
218
220
221
218
221
219
220
222
223
220
223
221
222
224
225
222
225
223
224
226
227
224
227
225
226
228
229
226
229
227
228
230
231
228
231
229
230
232
233
230
233
231
232
234
235
232
235
233
234
236
237
234
237
235
236
238
239
236
239
237
238
160
163
238
163
239
240
241
242
240
242
243
241
244
245
241
245
242
244
246
247
244
247
245
246
248
249
246
249
247
248
250
251
248
251
249
250
252
253
250
253
251
252
254
255
252
255
253
254
256
257
254
257
255
256
258
259
256
259
257
258
260
261
258
261
259
260
262
263
260
263
261
262
264
265
262
265
263
264
266
267
264
267
265
266
268
269
266
269
267
268
270
271
268
271
269
270
272
273
270
273
271
272
274
275
272
275
273
274
276
277
274
277
275
276
278
279
276
279
277
278
240
243
278
243
279
280
281
282
280
282
283
281
284
285
281
285
282
284
286
287
284
287
285
286
288
289
286
289
287
288
290
291
288
291
289
290
292
293
290
293
291
292
294
295
292
295
293
294
296
297
294
297
295
296
298
299
296
299
297
298
300
301
298
301
299
300
302
303
300
303
301
302
304
305
302
305
303
304
306
307
304
307
305
306
308
309
306
309
307
308
310
311
308
311
309
310
312
313
310
313
311
312
314
315
312
315
313
314
316
317
314
317
315
316
318
319
316
319
317
318
280
283
318
283
319
