320
0.274874
0.987984
0.014500
0.466993
0.987821
0.014500
0.372650
1.001950
0.014500
0.191435
0.948683
0.014500
0.547276
0.948080
0.014500
0.126579
0.887945
0.014500
0.609534
0.886692
0.014500
0.084552
0.809668
0.014500
0.317121
0.860360
0.014500
0.369750
0.867100
0.014500
0.419549
0.859781
0.014500
0.649797
0.807627
0.014500
0.273400
0.841023
0.014500
0.461552
0.839167
0.014500
0.240190
0.810411
0.014500
0.493882
0.807279
0.014500
0.219089
0.769846
0.014500
0.069600
0.717750
0.014500
0.664100
0.714850
0.014500
0.514657
0.766134
0.014500
0.211700
0.720650
0.014500
0.522000
0.717750
0.014500
0.219762
0.673786
0.014500
0.074716
0.668438
0.014500
0.514077
0.671744
0.014500
0.659356
0.669877
0.014500
0.242092
0.632490
0.014500
0.492026
0.631237
0.014500
0.644937
0.624764
0.014500
0.089645
0.621841
0.014500
0.275906
0.599546
0.014500
0.458420
0.598943
0.014500
0.620565
0.581114
0.014500
0.113761
0.578585
0.014500
0.318420
0.577738
0.014500
0.415837
0.577576
0.014500
0.585962
0.540525
0.014500
0.146438
0.539296
0.014500
0.366850
0.569850
0.014500
0.540850
0.504600
0.014500
0.187050
0.504600
0.014500
0.136230
0.468884
0.014500
0.590254
0.471099
0.014500
0.628801
0.429038
0.014500
0.096825
0.427669
0.014500
0.365400
0.435000
0.014500
0.305799
0.427622
0.014500
0.421614
0.427344
0.014500
0.656421
0.379946
0.014500
0.068765
0.380677
0.014500
0.256778
0.406603
0.014500
0.468849
0.405768
0.014500
0.219866
0.373613
0.014500
0.505087
0.372360
0.014500
0.051980
0.327630
0.014500
0.673044
0.325357
0.014500
0.196597
0.330322
0.014500
0.528310
0.329208
0.014500
0.188500
0.278400
0.014500
0.536500
0.278400
0.014500
0.046400
0.268250
0.014500
0.678600
0.266800
0.014500
0.196852
0.227035
0.014500
0.529401
0.230376
0.014500
0.062315
0.178304
0.014500
0.663010
0.177004
0.014500
0.508242
0.187572
0.014500
0.220516
0.183814
0.014500
0.473234
0.153120
0.014500
0.257404
0.150614
0.014500
0.106906
0.100955
0.014500
0.619301
0.100015
0.014500
0.424583
0.130152
0.014500
0.305428
0.129317
0.014500
0.362500
0.121800
0.014500
0.175438
0.040449
0.014500
0.552067
0.039939
0.014500
0.263181
0.001032
0.014500
0.465902
0.000882
0.014500
0.365400
-0.013050
0.014500
0.466993
0.987821
-0.014500
0.274874
0.987984
-0.014500
0.372650
1.001950
-0.014500
0.191435
0.948683
-0.014500
0.547276
0.948080
-0.014500
0.126579
0.887945
-0.014500
0.609534
0.886692
-0.014500
0.317121
0.860360
-0.014500
0.084552
0.809668
-0.014500
0.369750
0.867100
-0.014500
0.419549
0.859781
-0.014500
0.649797
0.807627
-0.014500
0.273400
0.841023
-0.014500
0.461552
0.839167
-0.014500
0.240190
0.810411
-0.014500
0.493882
0.807279
-0.014500
0.219089
0.769846
-0.014500
0.069600
0.717750
-0.014500
0.664100
0.714850
-0.014500
0.514657
0.766134
-0.014500
0.211700
0.720650
-0.014500
0.522000
0.717750
-0.014500
0.219762
0.673786
-0.014500
0.074716
0.668438
-0.014500
0.514077
0.671744
-0.014500
0.659356
0.669877
-0.014500
0.242092
0.632490
-0.014500
0.492026
0.631237
-0.014500
0.644937
0.624764
-0.014500
0.089645
0.621841
-0.014500
0.275906
0.599546
-0.014500
0.458420
0.598943
-0.014500
0.620565
0.581114
-0.014500
0.113761
0.578585
-0.014500
0.318420
0.577738
-0.014500
0.415837
0.577576
-0.014500
0.585962
0.540525
-0.014500
0.146438
0.539296
-0.014500
0.366850
0.569850
-0.014500
0.540850
0.504600
-0.014500
0.187050
0.504600
-0.014500
0.136230
0.468884
-0.014500
0.590254
0.471099
-0.014500
0.628801
0.429038
-0.014500
0.365400
0.435000
-0.014500
0.096825
0.427669
-0.014500
0.305799
0.427622
-0.014500
0.421614
0.427344
-0.014500
0.656421
0.379946
-0.014500
0.068765
0.380677
-0.014500
0.256778
0.406603
-0.014500
0.468849
0.405768
-0.014500
0.219866
0.373613
-0.014500
0.505087
0.372360
-0.014500
0.051980
0.327630
-0.014500
0.673044
0.325357
-0.014500
0.196597
0.330322
-0.014500
0.528310
0.329208
-0.014500
0.188500
0.278400
-0.014500
0.536500
0.278400
-0.014500
0.046400
0.268250
-0.014500
0.678600
0.266800
-0.014500
0.196852
0.227035
-0.014500
0.529401
0.230376
-0.014500
0.062315
0.178304
-0.014500
0.663010
0.177004
-0.014500
0.508242
0.187572
-0.014500
0.220516
0.183814
-0.014500
0.473234
0.153120
-0.014500
0.257404
0.150614
-0.014500
0.106906
0.100955
-0.014500
0.619301
0.100015
-0.014500
0.424583
0.130152
-0.014500
0.305428
0.129317
-0.014500
0.362500
0.121800
-0.014500
0.175438
0.040449
-0.014500
0.552067
0.039939
-0.014500
0.263181
0.001032
-0.014500
0.465902
0.000882
-0.014500
0.365400
-0.013050
-0.014500
0.263181
0.001032
0.014500
0.175438
0.040449
0.014500
0.175438
0.040449
-0.014500
0.263181
0.001032
-0.014500
0.106906
0.100955
0.014500
0.106906
0.100955
-0.014500
0.062315
0.178304
0.014500
0.062315
0.178304
-0.014500
0.046400
0.268250
0.014500
0.046400
0.268250
-0.014500
0.051980
0.327630
0.014500
0.051980
0.327630
-0.014500
0.068765
0.380677
0.014500
0.068765
0.380677
-0.014500
0.096825
0.427669
0.014500
0.096825
0.427669
-0.014500
0.136230
0.468884
0.014500
0.136230
0.468884
-0.014500
0.187050
0.504600
0.014500
0.187050
0.504600
-0.014500
0.146438
0.539296
0.014500
0.146438
0.539296
-0.014500
0.113761
0.578585
0.014500
0.113761
0.578585
-0.014500
0.089645
0.621841
0.014500
0.089645
0.621841
-0.014500
0.074716
0.668438
0.014500
0.074716
0.668438
-0.014500
0.069600
0.717750
0.014500
0.069600
0.717750
-0.014500
0.084552
0.809668
0.014500
0.084552
0.809668
-0.014500
0.126579
0.887945
0.014500
0.126579
0.887945
-0.014500
0.191435
0.948683
0.014500
0.191435
0.948683
-0.014500
0.274874
0.987984
0.014500
0.274874
0.987984
-0.014500
0.372650
1.001950
0.014500
0.372650
1.001950
-0.014500
0.466993
0.987821
0.014500
0.466993
0.987821
-0.014500
0.547276
0.948080
0.014500
0.547276
0.948080
-0.014500
0.609534
0.886692
0.014500
0.609534
0.886692
-0.014500
0.649797
0.807627
0.014500
0.649797
0.807627
-0.014500
0.664100
0.714850
0.014500
0.664100
0.714850
-0.014500
0.659356
0.669877
0.014500
0.659356
0.669877
-0.014500
0.644937
0.624764
0.014500
0.644937
0.624764
-0.014500
0.620565
0.581114
0.014500
0.620565
0.581114
-0.014500
0.585962
0.540525
0.014500
0.585962
0.540525
-0.014500
0.540850
0.504600
0.014500
0.540850
0.504600
-0.014500
0.590254
0.471099
0.014500
0.590254
0.471099
-0.014500
0.628801
0.429038
0.014500
0.628801
0.429038
-0.014500
0.656421
0.379946
0.014500
0.656421
0.379946
-0.014500
0.673044
0.325357
0.014500
0.673044
0.325357
-0.014500
0.678600
0.266800
0.014500
0.678600
0.266800
-0.014500
0.663010
0.177004
0.014500
0.663010
0.177004
-0.014500
0.619301
0.100015
0.014500
0.619301
0.100015
-0.014500
0.552067
0.039939
0.014500
0.552067
0.039939
-0.014500
0.465902
0.000882
0.014500
0.465902
0.000882
-0.014500
0.365400
-0.013050
0.014500
0.365400
-0.013050
-0.014500
0.317121
0.860360
0.014500
0.273400
0.841023
0.014500
0.273400
0.841023
-0.014500
0.317121
0.860360
-0.014500
0.240190
0.810411
0.014500
0.240190
0.810411
-0.014500
0.219089
0.769846
0.014500
0.219089
0.769846
-0.014500
0.211700
0.720650
0.014500
0.211700
0.720650
-0.014500
0.219762
0.673786
0.014500
0.219762
0.673786
-0.014500
0.242092
0.632490
0.014500
0.242092
0.632490
-0.014500
0.275906
0.599546
0.014500
0.275906
0.599546
-0.014500
0.318420
0.577738
0.014500
0.318420
0.577738
-0.014500
0.366850
0.569850
0.014500
0.366850
0.569850
-0.014500
0.415837
0.577576
0.014500
0.415837
0.577576
-0.014500
0.458420
0.598943
0.014500
0.458420
0.598943
-0.014500
0.492026
0.631237
0.014500
0.492026
0.631237
-0.014500
0.514077
0.671744
0.014500
0.514077
0.671744
-0.014500
0.522000
0.717750
0.014500
0.522000
0.717750
-0.014500
0.514657
0.766134
0.014500
0.514657
0.766134
-0.014500
0.493882
0.807279
0.014500
0.493882
0.807279
-0.014500
0.461552
0.839167
0.014500
0.461552
0.839167
-0.014500
0.419549
0.859781
0.014500
0.419549
0.859781
-0.014500
0.369750
0.867100
0.014500
0.369750
0.867100
-0.014500
0.305799
0.427622
0.014500
0.256778
0.406603
0.014500
0.256778
0.406603
-0.014500
0.305799
0.427622
-0.014500
0.219866
0.373613
0.014500
0.219866
0.373613
-0.014500
0.196597
0.330322
0.014500
0.196597
0.330322
-0.014500
0.188500
0.278400
0.014500
0.188500
0.278400
-0.014500
0.196852
0.227035
0.014500
0.196852
0.227035
-0.014500
0.220516
0.183814
0.014500
0.220516
0.183814
-0.014500
0.257404
0.150614
0.014500
0.257404
0.150614
-0.014500
0.305428
0.129317
0.014500
0.305428
0.129317
-0.014500
0.362500
0.121800
0.014500
0.362500
0.121800
-0.014500
0.424583
0.130152
0.014500
0.424583
0.130152
-0.014500
0.473234
0.153120
0.014500
0.473234
0.153120
-0.014500
0.508242
0.187572
0.014500
0.508242
0.187572
-0.014500
0.529401
0.230376
0.014500
0.529401
0.230376
-0.014500
0.536500
0.278400
0.014500
0.536500
0.278400
-0.014500
0.528310
0.329208
0.014500
0.528310
0.329208
-0.014500
0.505087
0.372360
0.014500
0.505087
0.372360
-0.014500
0.468849
0.405768
0.014500
0.468849
0.405768
-0.014500
0.421614
0.427344
0.014500
0.421614
0.427344
-0.014500
0.365400
0.435000
0.014500
0.365400
0.435000
-0.014500
