3
116
0
1
2
0
3
1
0
4
3
5
4
0
6
4
5
7
8
6
8
4
6
7
9
8
7
10
9
11
10
7
11
12
10
13
14
15
11
16
12
17
14
13
18
16
11
19
14
17
18
20
16
21
14
19
18
22
20
22
14
21
18
14
22
23
14
18
23
24
14
25
24
23
25
26
24
25
27
26
28
27
25
28
29
27
30
31
32
33
31
30
34
31
33
34
35
31
34
36
35
37
38
36
34
37
36
39
38
37
40
38
39
40
41
38
42
41
40
43
44
45
46
41
42
43
47
44
46
48
41
43
49
47
50
48
46
43
51
49
52
48
50
43
52
51
43
48
52
43
53
48
54
53
43
54
55
53
56
55
54
57
55
56
57
58
55
59
58
57
60
61
62
60
62
63
61
64
65
61
65
62
64
66
67
64
67
65
66
68
69
66
69
67
68
70
71
68
71
69
70
72
73
70
73
71
72
74
75
72
75
73
74
76
77
74
77
75
76
78
79
76
79
77
78
80
81
78
81
79
80
82
83
80
83
81
82
84
85
82
85
83
84
86
87
84
87
85
86
88
89
86
89
87
88
90
91
88
91
89
90
92
93
90
93
91
92
94
95
92
95
93
94
96
97
94
97
95
96
98
99
96
99
97
98
100
101
98
101
99
100
102
103
100
103
101
102
104
105
102
105
103
104
106
107
104
107
105
106
108
109
106
109
107
108
110
111
108
111
109
110
112
113
110
113
111
112
114
115
112
115
113
114
116
117
114
117
115
116
118
119
116
119
117
118
60
63
118
63
119
