120
0.000000
0.549550
0.014500
0.242150
0.651050
0.014500
0.242150
0.785900
0.014500
0.448050
0.651050
0.014500
0.448050
0.535050
0.014500
0.000000
0.535050
0.014500
0.113100
0.535050
0.014500
0.113100
0.191400
0.014500
0.242150
0.535050
0.014500
0.242150
0.201550
0.014500
0.248182
0.161785
0.014500
0.121614
0.125036
0.014500
0.263958
0.133644
0.014500
0.450579
0.133574
0.014500
0.481400
0.030450
0.014500
0.481400
0.150800
0.014500
0.285998
0.115524
0.014500
0.420662
0.120176
0.014500
0.147111
0.068695
0.014500
0.391512
0.110606
0.014500
0.310822
0.105827
0.014500
0.362987
0.104864
0.014500
0.334950
0.102950
0.014500
0.189521
0.025091
0.014500
0.451890
0.016460
0.014500
0.248774
-0.003062
0.014500
0.418969
0.004489
0.014500
0.385143
-0.004837
0.014500
0.324800
-0.013050
0.014500
0.352918
-0.010892
0.014500
0.242150
0.651050
-0.014500
0.000000
0.549550
-0.014500
0.242150
0.785900
-0.014500
0.448050
0.651050
-0.014500
0.448050
0.535050
-0.014500
0.000000
0.535050
-0.014500
0.113100
0.535050
-0.014500
0.242150
0.535050
-0.014500
0.113100
0.191400
-0.014500
0.242150
0.201550
-0.014500
0.248182
0.161785
-0.014500
0.121614
0.125036
-0.014500
0.263958
0.133644
-0.014500
0.481400
0.030450
-0.014500
0.450579
0.133574
-0.014500
0.481400
0.150800
-0.014500
0.285998
0.115524
-0.014500
0.420662
0.120176
-0.014500
0.147111
0.068695
-0.014500
0.391512
0.110606
-0.014500
0.310822
0.105827
-0.014500
0.362987
0.104864
-0.014500
0.334950
0.102950
-0.014500
0.189521
0.025091
-0.014500
0.451890
0.016460
-0.014500
0.248774
-0.003062
-0.014500
0.418969
0.004489
-0.014500
0.385143
-0.004837
-0.014500
0.324800
-0.013050
-0.014500
0.352918
-0.010892
-0.014500
0.448050
0.651050
0.014500
0.448050
0.535050
0.014500
0.448050
0.535050
-0.014500
0.448050
0.651050
-0.014500
0.242150
0.535050
0.014500
0.242150
0.535050
-0.014500
0.242150
0.201550
0.014500
0.242150
0.201550
-0.014500
0.248182
0.161785
0.014500
0.248182
0.161785
-0.014500
0.263958
0.133644
0.014500
0.263958
0.133644
-0.014500
0.285998
0.115524
0.014500
0.285998
0.115524
-0.014500
0.310822
0.105827
0.014500
0.310822
0.105827
-0.014500
0.334950
0.102950
0.014500
0.334950
0.102950
-0.014500
0.362987
0.104864
0.014500
0.362987
0.104864
-0.014500
0.391512
0.110606
0.014500
0.391512
0.110606
-0.014500
0.420662
0.120176
0.014500
0.420662
0.120176
-0.014500
0.450579
0.133574
0.014500
0.450579
0.133574
-0.014500
0.481400
0.150800
0.014500
0.481400
0.150800
-0.014500
0.481400
0.030450
0.014500
0.481400
0.030450
-0.014500
0.451890
0.016460
0.014500
0.451890
0.016460
-0.014500
0.418969
0.004489
0.014500
0.418969
0.004489
-0.014500
0.385143
-0.004837
0.014500
0.385143
-0.004837
-0.014500
0.352918
-0.010892
0.014500
0.352918
-0.010892
-0.014500
0.324800
-0.013050
0.014500
0.324800
-0.013050
-0.014500
0.248774
-0.003062
0.014500
0.248774
-0.003062
-0.014500
0.189521
0.025091
0.014500
0.189521
0.025091
-0.014500
0.147111
0.068695
0.014500
0.147111
0.068695
-0.014500
0.121614
0.125036
0.014500
0.121614
0.125036
-0.014500
0.113100
0.191400
0.014500
0.113100
0.191400
-0.014500
0.113100
0.535050
0.014500
0.113100
0.535050
-0.014500
0.000000
0.535050
0.014500
0.000000
0.535050
-0.014500
0.000000
0.549550
0.014500
0.000000
0.549550
-0.014500
0.242150
0.785900
0.014500
0.242150
0.785900
-0.014500
0.242150
0.651050
0.014500
0.242150
0.651050
-0.014500
