32
0.124700
-0.320450
0.014500
0.263900
0.872900
0.014500
0.124700
0.988900
0.014500
0.462550
0.988900
0.014500
0.462550
0.872900
0.014500
0.263900
-0.204450
0.014500
0.462550
-0.204450
0.014500
0.462550
-0.320450
0.014500
0.263900
0.872900
-0.014500
0.124700
-0.320450
-0.014500
0.124700
0.988900
-0.014500
0.462550
0.988900
-0.014500
0.462550
0.872900
-0.014500
0.263900
-0.204450
-0.014500
0.462550
-0.204450
-0.014500
0.462550
-0.320450
-0.014500
0.263900
0.872900
0.014500
0.263900
-0.204450
0.014500
0.263900
-0.204450
-0.014500
0.263900
0.872900
-0.014500
0.462550
-0.204450
0.014500
0.462550
-0.204450
-0.014500
0.462550
-0.320450
0.014500
0.462550
-0.320450
-0.014500
0.124700
-0.320450
0.014500
0.124700
-0.320450
-0.014500
0.124700
0.988900
0.014500
0.124700
0.988900
-0.014500
0.462550
0.988900
0.014500
0.462550
0.988900
-0.014500
0.462550
0.872900
0.014500
0.462550
0.872900
-0.014500
