24
-0.100000
-0.200000
-0.050000
-0.100000
-0.200000
0.050000
-0.100000
0.200000
0.050000
-0.100000
0.200000
-0.050000
-0.100000
0.200000
-0.050000
-0.100000
0.200000
0.050000
0.100000
0.200000
0.050000
0.100000
0.200000
-0.050000
0.100000
0.200000
-0.050000
0.100000
0.200000
0.050000
0.100000
-0.200000
0.050000
0.100000
-0.200000
-0.050000
0.100000
-0.200000
-0.050000
0.100000
-0.200000
0.050000
-0.100000
-0.200000
0.050000
-0.100000
-0.200000
-0.050000
-0.100000
0.200000
-0.050000
0.100000
0.200000
-0.050000
0.100000
-0.200000
-0.050000
-0.100000
-0.200000
-0.050000
0.100000
0.200000
0.050000
-0.100000
0.200000
0.050000
-0.100000
-0.200000
0.050000
0.100000
-0.200000
0.050000
