44
0.000000
0.000000
0.014500
0.524900
0.994700
0.014500
0.424850
0.994700
0.014500
0.472700
0.777200
0.014500
0.967150
0.000000
0.014500
0.324800
0.419050
0.014500
0.632200
0.419050
0.014500
0.269700
0.291450
0.014500
0.690200
0.291450
0.014500
0.145000
0.000000
0.014500
0.822150
0.000000
0.014500
0.524900
0.994700
-0.014500
0.000000
0.000000
-0.014500
0.424850
0.994700
-0.014500
0.472700
0.777200
-0.014500
0.967150
0.000000
-0.014500
0.324800
0.419050
-0.014500
0.632200
0.419050
-0.014500
0.269700
0.291450
-0.014500
0.690200
0.291450
-0.014500
0.145000
0.000000
-0.014500
0.822150
0.000000
-0.014500
0.822150
0.000000
0.014500
0.690200
0.291450
0.014500
0.690200
0.291450
-0.014500
0.822150
0.000000
-0.014500
0.269700
0.291450
0.014500
0.269700
0.291450
-0.014500
0.145000
0.000000
0.014500
0.145000
0.000000
-0.014500
0.000000
0.000000
0.014500
0.000000
0.000000
-0.014500
0.424850
0.994700
0.014500
0.424850
0.994700
-0.014500
0.524900
0.994700
0.014500
0.524900
0.994700
-0.014500
0.967150
0.000000
0.014500
0.967150
0.000000
-0.014500
0.632200
0.419050
0.014500
0.472700
0.777200
0.014500
0.472700
0.777200
-0.014500
0.632200
0.419050
-0.014500
0.324800
0.419050
0.014500
0.324800
0.419050
-0.014500
