160
0.255803
0.998273
0.014500
0.402903
0.987369
0.014500
0.303050
1.001950
0.014500
0.209392
0.987148
0.014500
0.486260
0.945853
0.014500
0.163258
0.968438
0.014500
0.116847
0.942001
0.014500
0.549852
0.880742
0.014500
0.069600
0.907700
0.014500
0.069600
0.729350
0.014500
0.116626
0.782200
0.014500
0.162191
0.820155
0.014500
0.206573
0.845025
0.014500
0.250050
0.858620
0.014500
0.292900
0.862750
0.014500
0.347849
0.853888
0.014500
0.590405
0.795377
0.014500
0.394586
0.828739
0.014500
0.430812
0.789461
0.014500
0.604650
0.693100
0.014500
0.454233
0.738213
0.014500
0.462550
0.677150
0.014500
0.593839
0.598433
0.014500
0.459766
0.631052
0.014500
0.451414
0.589895
0.014500
0.559920
0.502651
0.014500
0.437494
0.550617
0.014500
0.418006
0.510156
0.014500
0.392950
0.465450
0.014500
0.500668
0.398379
0.014500
0.335356
0.375643
0.014500
0.413853
0.278238
0.014500
0.266974
0.281172
0.014500
0.193024
0.186076
0.014500
0.297250
0.134850
0.014500
0.118726
0.094389
0.014500
0.675700
0.134850
0.014500
0.675700
0.000000
0.014500
0.049300
0.010150
0.014500
0.049300
0.000000
0.014500
0.402903
0.987369
-0.014500
0.255803
0.998273
-0.014500
0.303050
1.001950
-0.014500
0.209392
0.987148
-0.014500
0.486260
0.945853
-0.014500
0.163258
0.968438
-0.014500
0.116847
0.942001
-0.014500
0.549852
0.880742
-0.014500
0.069600
0.907700
-0.014500
0.116626
0.782200
-0.014500
0.069600
0.729350
-0.014500
0.162191
0.820155
-0.014500
0.206573
0.845025
-0.014500
0.250050
0.858620
-0.014500
0.292900
0.862750
-0.014500
0.347849
0.853888
-0.014500
0.590405
0.795377
-0.014500
0.394586
0.828739
-0.014500
0.430812
0.789461
-0.014500
0.604650
0.693100
-0.014500
0.454233
0.738213
-0.014500
0.462550
0.677150
-0.014500
0.593839
0.598433
-0.014500
0.459766
0.631052
-0.014500
0.451414
0.589895
-0.014500
0.559920
0.502651
-0.014500
0.437494
0.550617
-0.014500
0.418006
0.510156
-0.014500
0.392950
0.465450
-0.014500
0.500668
0.398379
-0.014500
0.335356
0.375643
-0.014500
0.413853
0.278238
-0.014500
0.266974
0.281172
-0.014500
0.193024
0.186076
-0.014500
0.297250
0.134850
-0.014500
0.118726
0.094389
-0.014500
0.675700
0.134850
-0.014500
0.675700
0.000000
-0.014500
0.049300
0.010150
-0.014500
0.049300
0.000000
-0.014500
0.049300
0.000000
0.014500
0.049300
0.010150
0.014500
0.049300
0.010150
-0.014500
0.049300
0.000000
-0.014500
0.118726
0.094389
0.014500
0.118726
0.094389
-0.014500
0.193024
0.186076
0.014500
0.193024
0.186076
-0.014500
0.266974
0.281172
0.014500
0.266974
0.281172
-0.014500
0.335356
0.375643
0.014500
0.335356
0.375643
-0.014500
0.392950
0.465450
0.014500
0.392950
0.465450
-0.014500
0.418006
0.510156
0.014500
0.418006
0.510156
-0.014500
0.437494
0.550617
0.014500
0.437494
0.550617
-0.014500
0.451414
0.589895
0.014500
0.451414
0.589895
-0.014500
0.459766
0.631052
0.014500
0.459766
0.631052
-0.014500
0.462550
0.677150
0.014500
0.462550
0.677150
-0.014500
0.454233
0.738213
0.014500
0.454233
0.738213
-0.014500
0.430812
0.789461
0.014500
0.430812
0.789461
-0.014500
0.394586
0.828739
0.014500
0.394586
0.828739
-0.014500
0.347849
0.853888
0.014500
0.347849
0.853888
-0.014500
0.292900
0.862750
0.014500
0.292900
0.862750
-0.014500
0.250050
0.858620
0.014500
0.250050
0.858620
-0.014500
0.206573
0.845025
0.014500
0.206573
0.845025
-0.014500
0.162191
0.820155
0.014500
0.162191
0.820155
-0.014500
0.116626
0.782200
0.014500
0.116626
0.782200
-0.014500
0.069600
0.729350
0.014500
0.069600
0.729350
-0.014500
0.069600
0.907700
0.014500
0.069600
0.907700
-0.014500
0.116847
0.942001
0.014500
0.116847
0.942001
-0.014500
0.163258
0.968438
0.014500
0.163258
0.968438
-0.014500
0.209392
0.987148
0.014500
0.209392
0.987148
-0.014500
0.255803
0.998273
0.014500
0.255803
0.998273
-0.014500
0.303050
1.001950
0.014500
0.303050
1.001950
-0.014500
0.402903
0.987369
0.014500
0.402903
0.987369
-0.014500
0.486260
0.945853
0.014500
0.486260
0.945853
-0.014500
0.549852
0.880742
0.014500
0.549852
0.880742
-0.014500
0.590405
0.795377
0.014500
0.590405
0.795377
-0.014500
0.604650
0.693100
0.014500
0.604650
0.693100
-0.014500
0.593839
0.598433
0.014500
0.593839
0.598433
-0.014500
0.559920
0.502651
0.014500
0.559920
0.502651
-0.014500
0.500668
0.398379
0.014500
0.500668
0.398379
-0.014500
0.413853
0.278238
0.014500
0.413853
0.278238
-0.014500
0.297250
0.134850
0.014500
0.297250
0.134850
-0.014500
0.675700
0.134850
0.014500
0.675700
0.134850
-0.014500
0.675700
0.000000
0.014500
0.675700
0.000000
-0.014500
