48
0.069600
0.868550
0.014500
0.197200
1.038200
0.014500
0.069600
1.038200
0.014500
0.197200
0.868550
0.014500
0.102950
0.669900
0.014500
0.163850
0.669900
0.014500
0.316100
0.868550
0.014500
0.443700
1.038200
0.014500
0.316100
1.038200
0.014500
0.443700
0.868550
0.014500
0.349450
0.669900
0.014500
0.410350
0.669900
0.014500
0.197200
1.038200
-0.014500
0.069600
0.868550
-0.014500
0.069600
1.038200
-0.014500
0.197200
0.868550
-0.014500
0.102950
0.669900
-0.014500
0.163850
0.669900
-0.014500
0.443700
1.038200
-0.014500
0.316100
0.868550
-0.014500
0.316100
1.038200
-0.014500
0.443700
0.868550
-0.014500
0.349450
0.669900
-0.014500
0.410350
0.669900
-0.014500
0.316100
1.038200
0.014500
0.443700
1.038200
0.014500
0.443700
1.038200
-0.014500
0.316100
1.038200
-0.014500
0.443700
0.868550
0.014500
0.443700
0.868550
-0.014500
0.410350
0.669900
0.014500
0.410350
0.669900
-0.014500
0.349450
0.669900
0.014500
0.349450
0.669900
-0.014500
0.316100
0.868550
0.014500
0.316100
0.868550
-0.014500
0.069600
1.038200
0.014500
0.197200
1.038200
0.014500
0.197200
1.038200
-0.014500
0.069600
1.038200
-0.014500
0.197200
0.868550
0.014500
0.197200
0.868550
-0.014500
0.163850
0.669900
0.014500
0.163850
0.669900
-0.014500
0.102950
0.669900
0.014500
0.102950
0.669900
-0.014500
0.069600
0.868550
0.014500
0.069600
0.868550
-0.014500
