40
0.110200
0.000000
0.014500
0.252300
0.861300
0.014500
0.110200
0.988900
0.014500
0.638000
0.988900
0.014500
0.638000
0.861300
0.014500
0.252300
0.587250
0.014500
0.252300
0.459650
0.014500
0.638000
0.587250
0.014500
0.638000
0.459650
0.014500
0.252300
0.000000
0.014500
0.252300
0.861300
-0.014500
0.110200
0.000000
-0.014500
0.110200
0.988900
-0.014500
0.638000
0.988900
-0.014500
0.638000
0.861300
-0.014500
0.252300
0.587250
-0.014500
0.252300
0.459650
-0.014500
0.638000
0.587250
-0.014500
0.638000
0.459650
-0.014500
0.252300
0.000000
-0.014500
0.252300
0.861300
0.014500
0.252300
0.587250
0.014500
0.252300
0.587250
-0.014500
0.252300
0.861300
-0.014500
0.638000
0.587250
0.014500
0.638000
0.587250
-0.014500
0.638000
0.459650
0.014500
0.638000
0.459650
-0.014500
0.252300
0.459650
0.014500
0.252300
0.459650
-0.014500
0.252300
0.000000
0.014500
0.252300
0.000000
-0.014500
0.110200
0.000000
0.014500
0.110200
0.000000
-0.014500
0.110200
0.988900
0.014500
0.110200
0.988900
-0.014500
0.638000
0.988900
0.014500
0.638000
0.988900
-0.014500
0.638000
0.861300
0.014500
0.638000
0.861300
-0.014500
