28
1.000000
-1.000000
0.000000
0.000000
0.000000
-0.500000
-1.000000
-1.000000
0.000000
-1.000000
-1.000000
0.000000
0.000000
0.000000
-0.500000
-1.000000
1.000000
0.000000
-1.000000
1.000000
0.000000
0.000000
0.000000
-0.500000
1.000000
1.000000
0.000000
1.000000
1.000000
0.000000
0.000000
0.000000
-0.500000
1.000000
-1.000000
0.000000
-1.000000
1.000000
0.000000
-1.000000
1.000000
0.999996
-1.000000
-1.000000
0.999996
-1.000000
-1.000000
0.000000
1.000000
1.000000
0.000000
1.000000
1.000000
0.999996
-1.000000
1.000000
0.999996
-1.000000
1.000000
0.000000
1.000000
-1.000000
0.000000
1.000000
-1.000000
0.999996
1.000000
1.000000
0.999996
1.000000
1.000000
0.000000
-1.000000
-1.000000
0.000000
-1.000000
-1.000000
0.999996
1.000000
-1.000000
0.999996
1.000000
-1.000000
0.000000
