4
20
0.242822
0.640000
0.235169
1.000000
0.242822
0.640000
0.235169
1.000000
0.242822
0.640000
0.235169
1.000000
0.242822
0.640000
0.235169
1.000000
0.242822
0.640000
0.235169
1.000000
0.242822
0.640000
0.235169
1.000000
0.242822
0.640000
0.235169
1.000000
0.242822
0.640000
0.235169
1.000000
0.242822
0.640000
0.235169
1.000000
0.242822
0.640000
0.235169
1.000000
0.242822
0.640000
0.235169
1.000000
0.242822
0.640000
0.235169
1.000000
0.242822
0.640000
0.235169
1.000000
0.242822
0.640000
0.235169
1.000000
0.242822
0.640000
0.235169
1.000000
0.242822
0.640000
0.235169
1.000000
0.242822
0.640000
0.235169
1.000000
0.242822
0.640000
0.235169
1.000000
0.242822
0.640000
0.235169
1.000000
0.242822
0.640000
0.235169
1.000000
