4
20
0.500000
0.500000
0.500000
1.000000
0.500000
0.500000
0.500000
1.000000
0.500000
0.500000
0.500000
1.000000
0.500000
0.500000
0.500000
1.000000
0.500000
0.500000
0.500000
1.000000
0.500000
0.500000
0.500000
1.000000
0.500000
0.500000
0.500000
1.000000
0.500000
0.500000
0.500000
1.000000
0.500000
0.500000
0.500000
1.000000
0.500000
0.500000
0.500000
1.000000
0.500000
0.500000
0.500000
1.000000
0.500000
0.500000
0.500000
1.000000
0.500000
0.500000
0.500000
1.000000
0.500000
0.500000
0.500000
1.000000
0.500000
0.500000
0.500000
1.000000
0.500000
0.500000
0.500000
1.000000
0.500000
0.500000
0.500000
1.000000
0.500000
0.500000
0.500000
1.000000
0.500000
0.500000
0.500000
1.000000
0.500000
0.500000
0.500000
1.000000
