3
224
0
1
2
3
1
0
3
4
1
5
4
3
5
6
4
6
7
4
8
9
5
9
6
5
10
7
6
8
11
9
12
7
10
12
13
7
8
14
11
15
13
12
8
16
14
17
16
8
18
13
15
17
19
16
18
20
13
21
20
18
17
22
19
23
22
17
24
20
21
25
20
24
23
26
22
27
20
25
28
20
27
28
29
20
30
29
28
23
31
26
32
31
23
33
29
30
34
29
33
32
35
31
36
29
34
37
29
36
32
38
35
38
29
37
32
29
38
39
29
32
39
40
29
40
41
29
42
40
39
42
43
40
44
41
40
42
45
43
42
46
45
47
46
42
47
48
46
49
41
44
49
50
41
51
50
49
52
50
51
52
53
50
54
53
52
55
53
54
56
57
58
56
59
57
60
59
56
60
61
59
62
61
60
63
62
60
64
65
61
62
64
61
63
66
62
67
65
64
63
68
66
69
68
63
70
65
67
69
71
68
72
65
70
72
73
65
69
74
71
75
73
72
76
74
69
76
77
74
78
73
75
78
79
73
76
80
77
76
81
80
82
79
78
76
83
81
76
84
83
85
84
76
85
86
84
87
79
82
87
88
79
85
89
86
85
90
89
91
88
87
85
92
90
85
93
92
94
88
91
85
94
93
85
88
94
85
95
88
96
95
85
97
96
85
96
98
95
99
98
96
97
100
96
101
98
99
102
98
101
102
103
98
104
103
102
97
105
100
106
105
97
106
107
105
106
108
107
109
108
106
109
110
108
109
111
110
112
113
114
112
114
115
113
116
117
113
117
114
116
118
119
116
119
117
118
120
121
118
121
119
120
122
123
120
123
121
122
124
125
122
125
123
124
126
127
124
127
125
126
128
129
126
129
127
128
130
131
128
131
129
130
132
133
130
133
131
132
134
135
132
135
133
134
136
137
134
137
135
136
138
139
136
139
137
138
140
141
138
141
139
140
142
143
140
143
141
142
144
145
142
145
143
144
146
147
144
147
145
146
148
149
146
149
147
148
150
151
148
151
149
150
152
153
150
153
151
152
154
155
152
155
153
154
156
157
154
157
155
156
158
159
156
159
157
158
160
161
158
161
159
160
162
163
160
163
161
162
164
165
162
165
163
164
166
167
164
167
165
166
168
169
166
169
167
168
170
171
168
171
169
170
172
173
170
173
171
172
112
115
172
115
173
174
175
176
174
176
177
175
178
179
175
179
176
178
180
181
178
181
179
180
182
183
180
183
181
182
184
185
182
185
183
184
186
187
184
187
185
186
188
189
186
189
187
188
190
191
188
191
189
190
192
193
190
193
191
192
194
195
192
195
193
194
196
197
194
197
195
196
198
199
196
199
197
198
200
201
198
201
199
200
202
203
200
203
201
202
204
205
202
205
203
204
206
207
204
207
205
206
208
209
206
209
207
208
210
211
208
211
209
210
212
213
210
213
211
212
214
215
212
215
213
214
216
217
214
217
215
216
218
219
216
219
217
218
220
221
218
221
219
220
222
223
220
223
221
222
174
177
222
177
223
