224
0.252277
0.985548
0.014500
0.456680
0.984306
0.014500
0.353800
1.001950
0.014500
0.168710
0.941027
0.014500
0.543483
0.934577
0.014500
0.105746
0.875417
0.014500
0.356700
0.867100
0.014500
0.610311
0.857565
0.014500
0.066027
0.795748
0.014500
0.303618
0.859583
0.014500
0.408970
0.857739
0.014500
0.258819
0.838286
0.014500
0.454349
0.831882
0.014500
0.653266
0.758072
0.014500
0.224321
0.805086
0.014500
0.490123
0.792872
0.014500
0.202142
0.761865
0.014500
0.052200
0.709050
0.014500
0.513578
0.744047
0.014500
0.194300
0.710500
0.014500
0.668450
0.640900
0.014500
0.522000
0.688750
0.014500
0.202884
0.661513
0.014500
0.066271
0.617236
0.014500
0.521942
0.674331
0.014500
0.521536
0.660052
0.014500
0.226780
0.618930
0.014500
0.520434
0.645006
0.014500
0.518288
0.628291
0.014500
0.649403
0.494659
0.014500
0.514750
0.609000
0.014500
0.263204
0.585324
0.014500
0.105606
0.537950
0.014500
0.482351
0.588944
0.014500
0.450092
0.573829
0.014500
0.309372
0.563273
0.014500
0.418806
0.563377
0.014500
0.389331
0.557310
0.014500
0.362500
0.555350
0.014500
0.165892
0.475716
0.014500
0.485750
0.462550
0.014500
0.595417
0.348278
0.014500
0.242811
0.435058
0.014500
0.458072
0.448154
0.014500
0.459812
0.386500
0.014500
0.427889
0.436473
0.014500
0.396175
0.427785
0.014500
0.332050
0.420500
0.014500
0.363904
0.422368
0.014500
0.415709
0.309337
0.014500
0.511224
0.209624
0.014500
0.354415
0.233079
0.014500
0.276904
0.159744
0.014500
0.401557
0.086559
0.014500
0.184150
0.091350
0.014500
0.271150
-0.013050
0.014500
0.456680
0.984306
-0.014500
0.252277
0.985548
-0.014500
0.353800
1.001950
-0.014500
0.168710
0.941027
-0.014500
0.543483
0.934577
-0.014500
0.105746
0.875417
-0.014500
0.356700
0.867100
-0.014500
0.610311
0.857565
-0.014500
0.303618
0.859583
-0.014500
0.066027
0.795748
-0.014500
0.408970
0.857739
-0.014500
0.258819
0.838286
-0.014500
0.454349
0.831882
-0.014500
0.653266
0.758072
-0.014500
0.224321
0.805086
-0.014500
0.490123
0.792872
-0.014500
0.202142
0.761865
-0.014500
0.052200
0.709050
-0.014500
0.513578
0.744047
-0.014500
0.194300
0.710500
-0.014500
0.668450
0.640900
-0.014500
0.522000
0.688750
-0.014500
0.202884
0.661513
-0.014500
0.066271
0.617236
-0.014500
0.521942
0.674331
-0.014500
0.521536
0.660052
-0.014500
0.226780
0.618930
-0.014500
0.520434
0.645006
-0.014500
0.518288
0.628291
-0.014500
0.649403
0.494659
-0.014500
0.514750
0.609000
-0.014500
0.263204
0.585324
-0.014500
0.105606
0.537950
-0.014500
0.482351
0.588944
-0.014500
0.450092
0.573829
-0.014500
0.309372
0.563273
-0.014500
0.418806
0.563377
-0.014500
0.389331
0.557310
-0.014500
0.362500
0.555350
-0.014500
0.165892
0.475716
-0.014500
0.485750
0.462550
-0.014500
0.595417
0.348278
-0.014500
0.242811
0.435058
-0.014500
0.458072
0.448154
-0.014500
0.459812
0.386500
-0.014500
0.427889
0.436473
-0.014500
0.396175
0.427785
-0.014500
0.332050
0.420500
-0.014500
0.363904
0.422368
-0.014500
0.415709
0.309337
-0.014500
0.511224
0.209624
-0.014500
0.354415
0.233079
-0.014500
0.276904
0.159744
-0.014500
0.401557
0.086559
-0.014500
0.184150
0.091350
-0.014500
0.271150
-0.013050
-0.014500
0.276904
0.159744
0.014500
0.354415
0.233079
0.014500
0.354415
0.233079
-0.014500
0.276904
0.159744
-0.014500
0.415709
0.309337
0.014500
0.415709
0.309337
-0.014500
0.459812
0.386500
0.014500
0.459812
0.386500
-0.014500
0.485750
0.462550
0.014500
0.485750
0.462550
-0.014500
0.458072
0.448154
0.014500
0.458072
0.448154
-0.014500
0.427889
0.436473
0.014500
0.427889
0.436473
-0.014500
0.396175
0.427785
0.014500
0.396175
0.427785
-0.014500
0.363904
0.422368
0.014500
0.363904
0.422368
-0.014500
0.332050
0.420500
0.014500
0.332050
0.420500
-0.014500
0.242811
0.435058
0.014500
0.242811
0.435058
-0.014500
0.165892
0.475716
0.014500
0.165892
0.475716
-0.014500
0.105606
0.537950
0.014500
0.105606
0.537950
-0.014500
0.066271
0.617236
0.014500
0.066271
0.617236
-0.014500
0.052200
0.709050
0.014500
0.052200
0.709050
-0.014500
0.066027
0.795748
0.014500
0.066027
0.795748
-0.014500
0.105746
0.875417
0.014500
0.105746
0.875417
-0.014500
0.168710
0.941027
0.014500
0.168710
0.941027
-0.014500
0.252277
0.985548
0.014500
0.252277
0.985548
-0.014500
0.353800
1.001950
0.014500
0.353800
1.001950
-0.014500
0.456680
0.984306
0.014500
0.456680
0.984306
-0.014500
0.543483
0.934577
0.014500
0.543483
0.934577
-0.014500
0.610311
0.857565
0.014500
0.610311
0.857565
-0.014500
0.653266
0.758072
0.014500
0.653266
0.758072
-0.014500
0.668450
0.640900
0.014500
0.668450
0.640900
-0.014500
0.649403
0.494659
0.014500
0.649403
0.494659
-0.014500
0.595417
0.348278
0.014500
0.595417
0.348278
-0.014500
0.511224
0.209624
0.014500
0.511224
0.209624
-0.014500
0.401557
0.086559
0.014500
0.401557
0.086559
-0.014500
0.271150
-0.013050
0.014500
0.271150
-0.013050
-0.014500
0.184150
0.091350
0.014500
0.184150
0.091350
-0.014500
0.389331
0.557310
0.014500
0.418806
0.563377
0.014500
0.418806
0.563377
-0.014500
0.389331
0.557310
-0.014500
0.450092
0.573829
0.014500
0.450092
0.573829
-0.014500
0.482351
0.588944
0.014500
0.482351
0.588944
-0.014500
0.514750
0.609000
0.014500
0.514750
0.609000
-0.014500
0.518288
0.628291
0.014500
0.518288
0.628291
-0.014500
0.520434
0.645006
0.014500
0.520434
0.645006
-0.014500
0.521536
0.660052
0.014500
0.521536
0.660052
-0.014500
0.521942
0.674331
0.014500
0.521942
0.674331
-0.014500
0.522000
0.688750
0.014500
0.522000
0.688750
-0.014500
0.513578
0.744047
0.014500
0.513578
0.744047
-0.014500
0.490123
0.792872
0.014500
0.490123
0.792872
-0.014500
0.454349
0.831882
0.014500
0.454349
0.831882
-0.014500
0.408970
0.857739
0.014500
0.408970
0.857739
-0.014500
0.356700
0.867100
0.014500
0.356700
0.867100
-0.014500
0.303618
0.859583
0.014500
0.303618
0.859583
-0.014500
0.258819
0.838286
0.014500
0.258819
0.838286
-0.014500
0.224321
0.805086
0.014500
0.224321
0.805086
-0.014500
0.202142
0.761865
0.014500
0.202142
0.761865
-0.014500
0.194300
0.710500
0.014500
0.194300
0.710500
-0.014500
0.202884
0.661513
0.014500
0.202884
0.661513
-0.014500
0.226780
0.618930
0.014500
0.226780
0.618930
-0.014500
0.263204
0.585324
0.014500
0.263204
0.585324
-0.014500
0.309372
0.563273
0.014500
0.309372
0.563273
-0.014500
0.362500
0.555350
0.014500
0.362500
0.555350
-0.014500
