144
0.146450
0.474150
0.014500
0.275500
0.861300
0.014500
0.146450
0.988900
0.014500
0.585800
0.988900
0.014500
0.585800
0.861300
0.014500
0.275500
0.613350
0.014500
0.398646
0.603629
0.014500
0.498545
0.562380
0.014500
0.266011
0.488209
0.014500
0.572831
0.494960
0.014500
0.362396
0.471784
0.014500
0.619138
0.406731
0.014500
0.433654
0.430928
0.014500
0.477839
0.371699
0.014500
0.635100
0.303050
0.014500
0.493000
0.300150
0.014500
0.619428
0.200019
0.014500
0.482456
0.244296
0.014500
0.453189
0.195402
0.014500
0.575151
0.112856
0.014500
0.408749
0.156600
0.014500
0.072500
0.047850
0.014500
0.115292
0.168386
0.014500
0.072500
0.194300
0.014500
0.158363
0.148109
0.014500
0.352686
0.131022
0.014500
0.201643
0.133539
0.014500
0.245062
0.124746
0.014500
0.288550
0.121800
0.014500
0.506375
0.045600
0.014500
0.122020
0.024812
0.014500
0.417206
0.002285
0.014500
0.169035
0.007621
0.014500
0.215215
-0.004141
0.014500
0.311750
-0.013050
0.014500
0.262230
-0.010892
0.014500
0.275500
0.861300
-0.014500
0.146450
0.474150
-0.014500
0.146450
0.988900
-0.014500
0.585800
0.988900
-0.014500
0.585800
0.861300
-0.014500
0.275500
0.613350
-0.014500
0.398646
0.603629
-0.014500
0.498545
0.562380
-0.014500
0.266011
0.488209
-0.014500
0.572831
0.494960
-0.014500
0.362396
0.471784
-0.014500
0.619138
0.406731
-0.014500
0.433654
0.430928
-0.014500
0.477839
0.371699
-0.014500
0.635100
0.303050
-0.014500
0.493000
0.300150
-0.014500
0.619428
0.200019
-0.014500
0.482456
0.244296
-0.014500
0.453189
0.195402
-0.014500
0.575151
0.112856
-0.014500
0.408749
0.156600
-0.014500
0.115292
0.168386
-0.014500
0.072500
0.047850
-0.014500
0.072500
0.194300
-0.014500
0.158363
0.148109
-0.014500
0.352686
0.131022
-0.014500
0.201643
0.133539
-0.014500
0.245062
0.124746
-0.014500
0.288550
0.121800
-0.014500
0.506375
0.045600
-0.014500
0.122020
0.024812
-0.014500
0.417206
0.002285
-0.014500
0.169035
0.007621
-0.014500
0.215215
-0.004141
-0.014500
0.311750
-0.013050
-0.014500
0.262230
-0.010892
-0.014500
0.275500
0.861300
0.014500
0.275500
0.613350
0.014500
0.275500
0.613350
-0.014500
0.275500
0.861300
-0.014500
0.398646
0.603629
0.014500
0.398646
0.603629
-0.014500
0.498545
0.562380
0.014500
0.498545
0.562380
-0.014500
0.572831
0.494960
0.014500
0.572831
0.494960
-0.014500
0.619138
0.406731
0.014500
0.619138
0.406731
-0.014500
0.635100
0.303050
0.014500
0.635100
0.303050
-0.014500
0.619428
0.200019
0.014500
0.619428
0.200019
-0.014500
0.575151
0.112856
0.014500
0.575151
0.112856
-0.014500
0.506375
0.045600
0.014500
0.506375
0.045600
-0.014500
0.417206
0.002285
0.014500
0.417206
0.002285
-0.014500
0.311750
-0.013050
0.014500
0.311750
-0.013050
-0.014500
0.262230
-0.010892
0.014500
0.262230
-0.010892
-0.014500
0.215215
-0.004141
0.014500
0.215215
-0.004141
-0.014500
0.169035
0.007621
0.014500
0.169035
0.007621
-0.014500
0.122020
0.024812
0.014500
0.122020
0.024812
-0.014500
0.072500
0.047850
0.014500
0.072500
0.047850
-0.014500
0.072500
0.194300
0.014500
0.072500
0.194300
-0.014500
0.115292
0.168386
0.014500
0.115292
0.168386
-0.014500
0.158363
0.148109
0.014500
0.158363
0.148109
-0.014500
0.201643
0.133539
0.014500
0.201643
0.133539
-0.014500
0.245062
0.124746
0.014500
0.245062
0.124746
-0.014500
0.288550
0.121800
0.014500
0.288550
0.121800
-0.014500
0.352686
0.131022
0.014500
0.352686
0.131022
-0.014500
0.408749
0.156600
0.014500
0.408749
0.156600
-0.014500
0.453189
0.195402
0.014500
0.453189
0.195402
-0.014500
0.482456
0.244296
0.014500
0.482456
0.244296
-0.014500
0.493000
0.300150
0.014500
0.493000
0.300150
-0.014500
0.477839
0.371699
0.014500
0.477839
0.371699
-0.014500
0.433654
0.430928
0.014500
0.433654
0.430928
-0.014500
0.362396
0.471784
0.014500
0.362396
0.471784
-0.014500
0.266011
0.488209
0.014500
0.266011
0.488209
-0.014500
0.146450
0.474150
0.014500
0.146450
0.474150
-0.014500
0.146450
0.988900
0.014500
0.146450
0.988900
-0.014500
0.585800
0.988900
0.014500
0.585800
0.988900
-0.014500
0.585800
0.861300
0.014500
0.585800
0.861300
-0.014500
