48
0.274050
0.330600
0.014500
0.162400
0.651050
0.014500
0.000000
0.651050
0.014500
0.355250
0.427750
0.014500
0.706150
0.651050
0.014500
0.540850
0.651050
0.014500
0.437900
0.330600
0.014500
0.000000
0.000000
0.014500
0.355250
0.233450
0.014500
0.725000
0.000000
0.014500
0.162400
0.000000
0.014500
0.559700
0.000000
0.014500
0.162400
0.651050
-0.014500
0.274050
0.330600
-0.014500
0.000000
0.651050
-0.014500
0.355250
0.427750
-0.014500
0.706150
0.651050
-0.014500
0.540850
0.651050
-0.014500
0.437900
0.330600
-0.014500
0.000000
0.000000
-0.014500
0.355250
0.233450
-0.014500
0.725000
0.000000
-0.014500
0.162400
0.000000
-0.014500
0.559700
0.000000
-0.014500
0.725000
0.000000
0.014500
0.559700
0.000000
0.014500
0.559700
0.000000
-0.014500
0.725000
0.000000
-0.014500
0.355250
0.233450
0.014500
0.355250
0.233450
-0.014500
0.162400
0.000000
0.014500
0.162400
0.000000
-0.014500
0.000000
0.000000
0.014500
0.000000
0.000000
-0.014500
0.274050
0.330600
0.014500
0.274050
0.330600
-0.014500
0.000000
0.651050
0.014500
0.000000
0.651050
-0.014500
0.162400
0.651050
0.014500
0.162400
0.651050
-0.014500
0.355250
0.427750
0.014500
0.355250
0.427750
-0.014500
0.540850
0.651050
0.014500
0.540850
0.651050
-0.014500
0.706150
0.651050
0.014500
0.706150
0.651050
-0.014500
0.437900
0.330600
0.014500
0.437900
0.330600
-0.014500
