32
0.252300
0.139200
0.014500
0.146450
0.651050
0.014500
0.000000
0.651050
0.014500
0.321900
0.284200
0.014500
0.635100
0.651050
0.014500
0.490100
0.651050
0.014500
0.174000
-0.333500
0.014500
0.030450
-0.333500
0.014500
0.146450
0.651050
-0.014500
0.252300
0.139200
-0.014500
0.000000
0.651050
-0.014500
0.321900
0.284200
-0.014500
0.635100
0.651050
-0.014500
0.490100
0.651050
-0.014500
0.174000
-0.333500
-0.014500
0.030450
-0.333500
-0.014500
0.030450
-0.333500
0.014500
0.252300
0.139200
0.014500
0.252300
0.139200
-0.014500
0.030450
-0.333500
-0.014500
0.000000
0.651050
0.014500
0.000000
0.651050
-0.014500
0.146450
0.651050
0.014500
0.146450
0.651050
-0.014500
0.321900
0.284200
0.014500
0.321900
0.284200
-0.014500
0.490100
0.651050
0.014500
0.490100
0.651050
-0.014500
0.635100
0.651050
0.014500
0.635100
0.651050
-0.014500
0.174000
-0.333500
0.014500
0.174000
-0.333500
-0.014500
