48
0.108750
0.000000
0.014500
0.250850
0.988900
0.014500
0.108750
0.988900
0.014500
0.250850
0.558250
0.014500
0.804750
0.558250
0.014500
0.946850
0.988900
0.014500
0.804750
0.988900
0.014500
0.946850
0.000000
0.014500
0.250850
0.430650
0.014500
0.804750
0.430650
0.014500
0.250850
0.000000
0.014500
0.804750
0.000000
0.014500
0.250850
0.988900
-0.014500
0.108750
0.000000
-0.014500
0.108750
0.988900
-0.014500
0.250850
0.558250
-0.014500
0.946850
0.988900
-0.014500
0.804750
0.558250
-0.014500
0.804750
0.988900
-0.014500
0.946850
0.000000
-0.014500
0.250850
0.430650
-0.014500
0.804750
0.430650
-0.014500
0.250850
0.000000
-0.014500
0.804750
0.000000
-0.014500
0.804750
0.000000
0.014500
0.804750
0.430650
0.014500
0.804750
0.430650
-0.014500
0.804750
0.000000
-0.014500
0.250850
0.430650
0.014500
0.250850
0.430650
-0.014500
0.250850
0.000000
0.014500
0.250850
0.000000
-0.014500
0.108750
0.000000
0.014500
0.108750
0.000000
-0.014500
0.108750
0.988900
0.014500
0.108750
0.988900
-0.014500
0.250850
0.988900
0.014500
0.250850
0.988900
-0.014500
0.250850
0.558250
0.014500
0.250850
0.558250
-0.014500
0.804750
0.558250
0.014500
0.804750
0.558250
-0.014500
0.804750
0.988900
0.014500
0.804750
0.988900
-0.014500
0.946850
0.988900
0.014500
0.946850
0.988900
-0.014500
0.946850
0.000000
0.014500
0.946850
0.000000
-0.014500
