3
304
0
1
2
3
1
0
3
4
1
5
4
3
6
4
5
6
7
4
8
7
6
8
9
7
10
11
8
11
12
8
12
13
8
13
14
8
14
15
8
15
9
8
16
9
15
17
9
16
17
18
9
19
18
17
20
18
19
21
18
20
21
22
18
23
22
21
24
25
23
25
22
23
26
25
24
27
25
26
27
28
25
29
22
25
30
28
27
30
31
28
30
32
31
33
32
30
33
34
32
35
34
33
35
36
34
35
37
36
38
37
35
38
39
37
40
22
29
41
42
43
40
44
22
38
45
39
46
44
40
47
42
41
46
48
44
49
48
46
50
45
38
50
51
45
52
42
47
49
53
48
54
53
49
55
42
52
54
56
53
57
42
55
50
58
51
54
57
56
54
42
57
58
42
54
50
59
58
59
42
58
60
59
50
60
61
59
62
42
59
62
63
42
60
64
61
65
63
62
66
64
60
65
67
63
66
68
64
69
67
65
69
70
67
66
71
68
72
70
69
73
71
66
72
74
70
75
74
72
76
77
78
76
79
77
80
79
76
80
81
79
80
82
81
83
82
80
83
84
82
85
84
83
86
87
84
88
86
84
89
88
84
90
89
84
91
90
84
85
91
84
85
92
91
85
93
92
94
93
85
94
95
93
94
96
95
94
97
96
98
97
94
98
99
97
100
101
99
98
100
99
100
102
101
100
103
102
104
103
100
98
105
100
104
106
103
107
106
104
108
106
107
108
109
106
110
109
108
110
111
109
112
111
110
113
111
112
113
114
111
115
114
113
98
116
105
117
118
119
120
116
98
121
114
115
120
122
116
117
123
118
124
122
120
124
125
122
121
126
114
127
126
121
117
128
123
129
125
124
129
130
125
117
131
128
132
130
129
117
133
131
134
126
127
133
130
132
117
130
133
117
134
130
135
126
134
117
135
134
135
136
126
137
136
135
117
138
135
139
138
117
140
136
137
139
141
138
140
142
136
143
141
139
144
142
140
143
145
141
146
145
143
147
142
144
146
148
145
147
149
142
150
148
146
150
151
148
152
153
154
152
154
155
153
156
157
153
157
154
156
158
159
156
159
157
158
160
161
158
161
159
160
162
163
160
163
161
162
164
165
162
165
163
164
166
167
164
167
165
166
168
169
166
169
167
168
170
171
168
171
169
170
172
173
170
173
171
172
174
175
172
175
173
174
176
177
174
177
175
176
178
179
176
179
177
178
180
181
178
181
179
180
182
183
180
183
181
182
184
185
182
185
183
184
186
187
184
187
185
186
188
189
186
189
187
188
190
191
188
191
189
190
192
193
190
193
191
192
194
195
192
195
193
194
196
197
194
197
195
196
198
199
196
199
197
198
200
201
198
201
199
200
202
203
200
203
201
202
204
205
202
205
203
204
206
207
204
207
205
206
208
209
206
209
207
208
210
211
208
211
209
210
212
213
210
213
211
212
214
215
212
215
213
214
216
217
214
217
215
216
218
219
216
219
217
218
220
221
218
221
219
220
222
223
220
223
221
222
224
225
222
225
223
224
226
227
224
227
225
226
228
229
226
229
227
228
230
231
228
231
229
230
232
233
230
233
231
232
234
235
232
235
233
234
236
237
234
237
235
236
238
239
236
239
237
238
240
241
238
241
239
240
242
243
240
243
241
242
244
245
242
245
243
244
246
247
244
247
245
246
248
249
246
249
247
248
250
251
248
251
249
250
252
253
250
253
251
252
254
255
252
255
253
254
256
257
254
257
255
256
258
259
256
259
257
258
260
261
258
261
259
260
262
263
260
263
261
262
264
265
262
265
263
264
266
267
264
267
265
266
268
269
266
269
267
268
270
271
268
271
269
270
152
155
270
155
271
272
273
274
272
274
275
273
276
277
273
277
274
276
278
279
276
279
277
278
280
281
278
281
279
280
282
283
280
283
281
282
284
285
282
285
283
284
286
287
284
287
285
286
288
289
286
289
287
288
290
291
288
291
289
290
292
293
290
293
291
292
294
295
292
295
293
294
296
297
294
297
295
296
298
299
296
299
297
298
300
301
298
301
299
300
302
303
300
303
301
302
272
275
302
275
303
