304
0.213011
0.660608
0.014500
0.342049
0.655980
0.014500
0.266800
0.664100
0.014500
0.164650
0.650087
0.014500
0.406998
0.631156
0.014500
0.121580
0.632467
0.014500
0.083659
0.607678
0.014500
0.457956
0.588932
0.014500
0.050750
0.575650
0.014500
0.491237
0.528612
0.014500
0.050750
0.435000
0.014500
0.089285
0.474556
0.014500
0.129700
0.504716
0.014500
0.171436
0.525828
0.014500
0.213939
0.538240
0.014500
0.256650
0.542300
0.014500
0.298932
0.538182
0.014500
0.331818
0.525364
0.014500
0.503150
0.449500
0.014500
0.355308
0.503150
0.014500
0.369402
0.470844
0.014500
0.374100
0.427750
0.014500
0.503150
0.114550
0.014500
0.374100
0.392950
0.014500
0.259550
0.352350
0.014500
0.374100
0.321900
0.014500
0.196388
0.328848
0.014500
0.136358
0.300753
0.014500
0.310370
0.298967
0.014500
0.374100
0.131950
0.014500
0.085724
0.263819
0.014500
0.254017
0.274154
0.014500
0.208939
0.245584
0.014500
0.050750
0.213800
0.014500
0.179034
0.211375
0.014500
0.037700
0.146450
0.014500
0.168200
0.169650
0.014500
0.172701
0.139548
0.014500
0.045101
0.097568
0.014500
0.185414
0.114318
0.014500
0.352872
0.113564
0.014500
0.578979
0.104029
0.014500
0.595950
0.037700
0.014500
0.595950
0.116000
0.014500
0.504182
0.101616
0.014500
0.205158
0.095004
0.014500
0.330948
0.098658
0.014500
0.563192
0.094354
0.014500
0.507233
0.092162
0.014500
0.308328
0.087580
0.014500
0.066282
0.053975
0.014500
0.230747
0.082650
0.014500
0.549074
0.087186
0.014500
0.512233
0.085840
0.014500
0.285012
0.080678
0.014500
0.537115
0.082731
0.014500
0.519112
0.082302
0.014500
0.527800
0.081200
0.014500
0.261000
0.078300
0.014500
0.372650
0.053650
0.014500
0.099714
0.018873
0.014500
0.338395
0.029452
0.014500
0.381930
0.028896
0.014500
0.564050
0.017388
0.014500
0.303584
0.010753
0.014500
0.396082
0.010127
0.014500
0.143863
-0.004536
0.014500
0.538066
0.002923
0.014500
0.268354
-0.002517
0.014500
0.415454
-0.002935
0.014500
0.515562
-0.006461
0.014500
0.232847
-0.010428
0.014500
0.440394
-0.010568
0.014500
0.197200
-0.013050
0.014500
0.494102
-0.011530
0.014500
0.471250
-0.013050
0.014500
0.342049
0.655980
-0.014500
0.213011
0.660608
-0.014500
0.266800
0.664100
-0.014500
0.164650
0.650087
-0.014500
0.406998
0.631156
-0.014500
0.121580
0.632467
-0.014500
0.083659
0.607678
-0.014500
0.457956
0.588932
-0.014500
0.050750
0.575650
-0.014500
0.491237
0.528612
-0.014500
0.089285
0.474556
-0.014500
0.050750
0.435000
-0.014500
0.129700
0.504716
-0.014500
0.171436
0.525828
-0.014500
0.213939
0.538240
-0.014500
0.256650
0.542300
-0.014500
0.298932
0.538182
-0.014500
0.331818
0.525364
-0.014500
0.503150
0.449500
-0.014500
0.355308
0.503150
-0.014500
0.369402
0.470844
-0.014500
0.374100
0.427750
-0.014500
0.503150
0.114550
-0.014500
0.374100
0.392950
-0.014500
0.374100
0.321900
-0.014500
0.259550
0.352350
-0.014500
0.196388
0.328848
-0.014500
0.136358
0.300753
-0.014500
0.310370
0.298967
-0.014500
0.374100
0.131950
-0.014500
0.085724
0.263819
-0.014500
0.254017
0.274154
-0.014500
0.208939
0.245584
-0.014500
0.050750
0.213800
-0.014500
0.179034
0.211375
-0.014500
0.037700
0.146450
-0.014500
0.168200
0.169650
-0.014500
0.172701
0.139548
-0.014500
0.045101
0.097568
-0.014500
0.185414
0.114318
-0.014500
0.352872
0.113564
-0.014500
0.595950
0.037700
-0.014500
0.578979
0.104029
-0.014500
0.595950
0.116000
-0.014500
0.504182
0.101616
-0.014500
0.205158
0.095004
-0.014500
0.330948
0.098658
-0.014500
0.563192
0.094354
-0.014500
0.507233
0.092162
-0.014500
0.308328
0.087580
-0.014500
0.066282
0.053975
-0.014500
0.230747
0.082650
-0.014500
0.549074
0.087186
-0.014500
0.512233
0.085840
-0.014500
0.285012
0.080678
-0.014500
0.537115
0.082731
-0.014500
0.519112
0.082302
-0.014500
0.527800
0.081200
-0.014500
0.261000
0.078300
-0.014500
0.372650
0.053650
-0.014500
0.099714
0.018873
-0.014500
0.338395
0.029452
-0.014500
0.381930
0.028896
-0.014500
0.564050
0.017388
-0.014500
0.303584
0.010753
-0.014500
0.396082
0.010127
-0.014500
0.143863
-0.004536
-0.014500
0.538066
0.002923
-0.014500
0.268354
-0.002517
-0.014500
0.415454
-0.002935
-0.014500
0.515562
-0.006461
-0.014500
0.232847
-0.010428
-0.014500
0.440394
-0.010568
-0.014500
0.197200
-0.013050
-0.014500
0.494102
-0.011530
-0.014500
0.471250
-0.013050
-0.014500
0.564050
0.017388
0.014500
0.538066
0.002923
0.014500
0.538066
0.002923
-0.014500
0.564050
0.017388
-0.014500
0.515562
-0.006461
0.014500
0.515562
-0.006461
-0.014500
0.494102
-0.011530
0.014500
0.494102
-0.011530
-0.014500
0.471250
-0.013050
0.014500
0.471250
-0.013050
-0.014500
0.440394
-0.010568
0.014500
0.440394
-0.010568
-0.014500
0.415454
-0.002935
0.014500
0.415454
-0.002935
-0.014500
0.396082
0.010127
0.014500
0.396082
0.010127
-0.014500
0.381930
0.028896
0.014500
0.381930
0.028896
-0.014500
0.372650
0.053650
0.014500
0.372650
0.053650
-0.014500
0.338395
0.029452
0.014500
0.338395
0.029452
-0.014500
0.303584
0.010753
0.014500
0.303584
0.010753
-0.014500
0.268354
-0.002517
0.014500
0.268354
-0.002517
-0.014500
0.232847
-0.010428
0.014500
0.232847
-0.010428
-0.014500
0.197200
-0.013050
0.014500
0.197200
-0.013050
-0.014500
0.143863
-0.004536
0.014500
0.143863
-0.004536
-0.014500
0.099714
0.018873
0.014500
0.099714
0.018873
-0.014500
0.066282
0.053975
0.014500
0.066282
0.053975
-0.014500
0.045101
0.097568
0.014500
0.045101
0.097568
-0.014500
0.037700
0.146450
0.014500
0.037700
0.146450
-0.014500
0.050750
0.213800
0.014500
0.050750
0.213800
-0.014500
0.085724
0.263819
0.014500
0.085724
0.263819
-0.014500
0.136358
0.300753
0.014500
0.136358
0.300753
-0.014500
0.196388
0.328848
0.014500
0.196388
0.328848
-0.014500
0.259550
0.352350
0.014500
0.259550
0.352350
-0.014500
0.374100
0.392950
0.014500
0.374100
0.392950
-0.014500
0.374100
0.427750
0.014500
0.374100
0.427750
-0.014500
0.369402
0.470844
0.014500
0.369402
0.470844
-0.014500
0.355308
0.503150
0.014500
0.355308
0.503150
-0.014500
0.331818
0.525364
0.014500
0.331818
0.525364
-0.014500
0.298932
0.538182
0.014500
0.298932
0.538182
-0.014500
0.256650
0.542300
0.014500
0.256650
0.542300
-0.014500
0.213939
0.538240
0.014500
0.213939
0.538240
-0.014500
0.171436
0.525828
0.014500
0.171436
0.525828
-0.014500
0.129700
0.504716
0.014500
0.129700
0.504716
-0.014500
0.089285
0.474556
0.014500
0.089285
0.474556
-0.014500
0.050750
0.435000
0.014500
0.050750
0.435000
-0.014500
0.050750
0.575650
0.014500
0.050750
0.575650
-0.014500
0.083659
0.607678
0.014500
0.083659
0.607678
-0.014500
0.121580
0.632467
0.014500
0.121580
0.632467
-0.014500
0.164650
0.650087
0.014500
0.164650
0.650087
-0.014500
0.213011
0.660608
0.014500
0.213011
0.660608
-0.014500
0.266800
0.664100
0.014500
0.266800
0.664100
-0.014500
0.342049
0.655980
0.014500
0.342049
0.655980
-0.014500
0.406998
0.631156
0.014500
0.406998
0.631156
-0.014500
0.457956
0.588932
0.014500
0.457956
0.588932
-0.014500
0.491237
0.528612
0.014500
0.491237
0.528612
-0.014500
0.503150
0.449500
0.014500
0.503150
0.449500
-0.014500
0.503150
0.114550
0.014500
0.503150
0.114550
-0.014500
0.504182
0.101616
0.014500
0.504182
0.101616
-0.014500
0.507233
0.092162
0.014500
0.507233
0.092162
-0.014500
0.512233
0.085840
0.014500
0.512233
0.085840
-0.014500
0.519112
0.082302
0.014500
0.519112
0.082302
-0.014500
0.527800
0.081200
0.014500
0.527800
0.081200
-0.014500
0.537115
0.082731
0.014500
0.537115
0.082731
-0.014500
0.549074
0.087186
0.014500
0.549074
0.087186
-0.014500
0.563192
0.094354
0.014500
0.563192
0.094354
-0.014500
0.578979
0.104029
0.014500
0.578979
0.104029
-0.014500
0.595950
0.116000
0.014500
0.595950
0.116000
-0.014500
0.595950
0.037700
0.014500
0.595950
0.037700
-0.014500
0.310370
0.298967
0.014500
0.254017
0.274154
0.014500
0.254017
0.274154
-0.014500
0.310370
0.298967
-0.014500
0.208939
0.245584
0.014500
0.208939
0.245584
-0.014500
0.179034
0.211375
0.014500
0.179034
0.211375
-0.014500
0.168200
0.169650
0.014500
0.168200
0.169650
-0.014500
0.172701
0.139548
0.014500
0.172701
0.139548
-0.014500
0.185414
0.114318
0.014500
0.185414
0.114318
-0.014500
0.205158
0.095004
0.014500
0.205158
0.095004
-0.014500
0.230747
0.082650
0.014500
0.230747
0.082650
-0.014500
0.261000
0.078300
0.014500
0.261000
0.078300
-0.014500
0.285012
0.080678
0.014500
0.285012
0.080678
-0.014500
0.308328
0.087580
0.014500
0.308328
0.087580
-0.014500
0.330948
0.098658
0.014500
0.330948
0.098658
-0.014500
0.352872
0.113564
0.014500
0.352872
0.113564
-0.014500
0.374100
0.131950
0.014500
0.374100
0.131950
-0.014500
0.374100
0.321900
0.014500
0.374100
0.321900
-0.014500
