3
332
0
1
2
0
3
1
4
5
6
7
5
4
7
8
5
9
8
7
9
10
8
9
11
10
11
12
10
12
13
10
14
15
9
15
11
9
14
16
15
17
13
12
14
18
16
19
13
17
19
20
13
21
18
14
21
22
18
23
20
19
21
24
22
25
20
23
26
24
21
26
27
24
28
20
25
28
29
20
26
30
27
31
29
28
32
29
31
26
33
30
32
34
29
35
33
26
36
34
32
35
37
33
35
38
37
38
34
36
35
34
38
35
39
34
40
39
35
40
41
39
42
41
40
42
43
41
44
45
46
44
47
45
48
47
44
49
47
48
49
50
47
51
52
49
52
53
49
53
50
49
53
54
50
54
55
50
51
56
52
57
55
54
51
58
56
59
55
57
60
58
51
59
61
55
60
62
58
63
61
59
60
64
62
65
61
63
66
64
60
66
67
64
68
61
65
68
69
61
66
70
67
71
69
68
66
72
70
73
69
71
73
74
69
75
72
66
75
76
72
77
74
73
75
78
76
78
74
77
75
74
78
75
79
74
80
79
75
80
81
79
82
81
80
82
83
81
84
85
86
87
85
84
88
89
90
88
91
89
92
91
88
92
93
91
94
93
92
95
93
94
96
95
94
97
96
94
98
99
93
95
98
93
100
99
98
97
101
96
102
99
100
97
103
101
104
103
97
102
105
99
106
105
102
104
107
103
108
105
106
104
109
107
108
110
105
111
110
108
104
112
109
113
112
104
114
110
111
113
115
112
113
116
115
117
110
114
118
116
113
117
119
110
118
120
116
121
119
117
122
119
121
118
122
120
118
119
122
123
119
118
123
124
119
125
124
123
125
126
124
127
126
125
128
129
130
131
129
128
131
132
129
131
133
132
134
133
131
135
136
133
137
135
133
134
137
133
138
137
134
139
138
134
140
136
135
139
141
138
142
136
140
139
143
141
142
144
136
145
143
139
146
144
142
145
147
143
148
144
146
145
149
147
148
150
144
151
150
148
145
152
149
153
152
145
154
150
151
153
155
152
156
150
154
153
157
155
158
157
153
156
159
150
160
159
156
158
161
157
162
159
160
158
162
161
158
159
162
163
159
158
163
164
159
165
164
163
165
166
164
167
166
165
168
169
170
168
170
171
169
172
173
169
173
170
172
174
175
172
175
173
174
176
177
174
177
175
176
178
179
176
179
177
178
180
181
178
181
179
180
182
183
180
183
181
182
184
185
182
185
183
184
186
187
184
187
185
186
188
189
186
189
187
188
190
191
188
191
189
190
192
193
190
193
191
192
194
195
192
195
193
194
196
197
194
197
195
196
198
199
196
199
197
198
200
201
198
201
199
200
202
203
200
203
201
202
204
205
202
205
203
204
206
207
204
207
205
206
168
171
206
171
207
208
209
210
208
210
211
209
212
213
209
213
210
212
214
215
212
215
213
214
216
217
214
217
215
216
218
219
216
219
217
218
220
221
218
221
219
220
222
223
220
223
221
222
224
225
222
225
223
224
226
227
224
227
225
226
228
229
226
229
227
228
230
231
228
231
229
230
232
233
230
233
231
232
234
235
232
235
233
234
236
237
234
237
235
236
238
239
236
239
237
238
240
241
238
241
239
240
242
243
240
243
241
242
244
245
242
245
243
244
246
247
244
247
245
246
208
211
246
211
247
248
249
250
248
250
251
249
252
253
249
253
250
252
254
255
252
255
253
254
248
251
254
251
255
256
257
258
256
258
259
257
260
261
257
261
258
260
262
263
260
263
261
262
264
265
262
265
263
264
266
267
264
267
265
266
268
269
266
269
267
268
270
271
268
271
269
270
272
273
270
273
271
272
274
275
272
275
273
274
276
277
274
277
275
276
278
279
276
279
277
278
280
281
278
281
279
280
282
283
280
283
281
282
284
285
282
285
283
284
286
287
284
287
285
286
288
289
286
289
287
288
290
291
288
291
289
290
292
293
290
293
291
292
294
295
292
295
293
294
256
259
294
259
295
296
297
298
296
298
299
297
300
301
297
301
298
300
302
303
300
303
301
302
304
305
302
305
303
304
306
307
304
307
305
306
308
309
306
309
307
308
310
311
308
311
309
310
312
313
310
313
311
312
314
315
312
315
313
314
316
317
314
317
315
316
318
319
316
319
317
318
320
321
318
321
319
320
322
323
320
323
321
322
324
325
322
325
323
324
326
327
324
327
325
326
328
329
326
329
327
328
330
331
328
331
329
330
332
333
330
333
331
332
334
335
332
335
333
334
296
299
334
299
335
