336
0.113100
-0.014500
0.014500
0.872900
1.001950
0.014500
0.764150
1.001950
0.014500
0.221850
-0.014500
0.014500
0.188256
0.989120
0.014500
0.327387
0.989120
0.014500
0.258100
1.000500
0.014500
0.127391
0.957487
0.014500
0.388182
0.957487
0.014500
0.079263
0.909359
0.014500
0.436520
0.909359
0.014500
0.258100
0.893200
0.014500
0.294512
0.887273
0.014500
0.468431
0.848494
0.014500
0.047630
0.848494
0.014500
0.222244
0.887273
0.014500
0.190843
0.870835
0.014500
0.325983
0.870835
0.014500
0.165915
0.845907
0.014500
0.350703
0.845907
0.014500
0.479950
0.778650
0.014500
0.036250
0.778650
0.014500
0.149478
0.814506
0.014500
0.366862
0.814506
0.014500
0.143550
0.778650
0.014500
0.372650
0.778650
0.014500
0.047630
0.708250
0.014500
0.149478
0.742238
0.014500
0.366862
0.742238
0.014500
0.468431
0.708806
0.014500
0.165915
0.710767
0.014500
0.350703
0.710767
0.014500
0.325983
0.686047
0.014500
0.190843
0.686047
0.014500
0.436520
0.647941
0.014500
0.079263
0.647315
0.014500
0.294512
0.669888
0.014500
0.222244
0.669888
0.014500
0.258100
0.664100
0.014500
0.388182
0.599813
0.014500
0.127391
0.599395
0.014500
0.327387
0.568180
0.014500
0.188256
0.568040
0.014500
0.258100
0.556800
0.014500
0.658056
0.417820
0.014500
0.797187
0.417820
0.014500
0.727900
0.429200
0.014500
0.857983
0.386187
0.014500
0.597191
0.386187
0.014500
0.549063
0.338059
0.014500
0.906320
0.338059
0.014500
0.517430
0.277194
0.014500
0.692044
0.315972
0.014500
0.727900
0.321900
0.014500
0.764312
0.315972
0.014500
0.938231
0.277194
0.014500
0.660643
0.299535
0.014500
0.795783
0.299535
0.014500
0.635715
0.274607
0.014500
0.820503
0.274607
0.014500
0.506050
0.207350
0.014500
0.949750
0.207350
0.014500
0.619278
0.243206
0.014500
0.836662
0.243206
0.014500
0.613350
0.207350
0.014500
0.842450
0.207350
0.014500
0.517430
0.136950
0.014500
0.619278
0.170938
0.014500
0.836662
0.170938
0.014500
0.938231
0.137506
0.014500
0.635715
0.139467
0.014500
0.820503
0.139467
0.014500
0.660643
0.114747
0.014500
0.795783
0.114747
0.014500
0.906320
0.076641
0.014500
0.549063
0.076015
0.014500
0.692044
0.098588
0.014500
0.764312
0.098588
0.014500
0.727900
0.092800
0.014500
0.857982
0.028513
0.014500
0.597191
0.028095
0.014500
0.797187
-0.003120
0.014500
0.658056
-0.003260
0.014500
0.727900
-0.014500
0.014500
0.872900
1.001950
-0.014500
0.113100
-0.014500
-0.014500
0.764150
1.001950
-0.014500
0.221850
-0.014500
-0.014500
0.327387
0.989120
-0.014500
0.188256
0.989120
-0.014500
0.258100
1.000500
-0.014500
0.127391
0.957487
-0.014500
0.388182
0.957487
-0.014500
0.079263
0.909359
-0.014500
0.436520
0.909359
-0.014500
0.258100
0.893200
-0.014500
0.294512
0.887273
-0.014500
0.468431
0.848494
-0.014500
0.222244
0.887273
-0.014500
0.047630
0.848494
-0.014500
0.190843
0.870835
-0.014500
0.325983
0.870835
-0.014500
0.165915
0.845907
-0.014500
0.350703
0.845907
-0.014500
0.479950
0.778650
-0.014500
0.036250
0.778650
-0.014500
0.149478
0.814506
-0.014500
0.366862
0.814506
-0.014500
0.143550
0.778650
-0.014500
0.372650
0.778650
-0.014500
0.047630
0.708250
-0.014500
0.149478
0.742238
-0.014500
0.366862
0.742238
-0.014500
0.468431
0.708806
-0.014500
0.165915
0.710767
-0.014500
0.350703
0.710767
-0.014500
0.325983
0.686047
-0.014500
0.190843
0.686047
-0.014500
0.436520
0.647941
-0.014500
0.079263
0.647315
-0.014500
0.294512
0.669888
-0.014500
0.222244
0.669888
-0.014500
0.258100
0.664100
-0.014500
0.388182
0.599813
-0.014500
0.127391
0.599395
-0.014500
0.327387
0.568180
-0.014500
0.188256
0.568040
-0.014500
0.258100
0.556800
-0.014500
0.797187
0.417820
-0.014500
0.658056
0.417820
-0.014500
0.727900
0.429200
-0.014500
0.857983
0.386187
-0.014500
0.597191
0.386187
-0.014500
0.549063
0.338059
-0.014500
0.906320
0.338059
-0.014500
0.692044
0.315972
-0.014500
0.517430
0.277194
-0.014500
0.727900
0.321900
-0.014500
0.764312
0.315972
-0.014500
0.938231
0.277194
-0.014500
0.660643
0.299535
-0.014500
0.795783
0.299535
-0.014500
0.635715
0.274607
-0.014500
0.820503
0.274607
-0.014500
0.506050
0.207350
-0.014500
0.949750
0.207350
-0.014500
0.619278
0.243206
-0.014500
0.836662
0.243206
-0.014500
0.613350
0.207350
-0.014500
0.842450
0.207350
-0.014500
0.517430
0.136950
-0.014500
0.619278
0.170938
-0.014500
0.836662
0.170938
-0.014500
0.938231
0.137506
-0.014500
0.635715
0.139467
-0.014500
0.820503
0.139467
-0.014500
0.660643
0.114747
-0.014500
0.795783
0.114747
-0.014500
0.906320
0.076641
-0.014500
0.549063
0.076015
-0.014500
0.692044
0.098588
-0.014500
0.764312
0.098588
-0.014500
0.727900
0.092800
-0.014500
0.857982
0.028513
-0.014500
0.597191
0.028095
-0.014500
0.797187
-0.003120
-0.014500
0.658056
-0.003260
-0.014500
0.727900
-0.014500
-0.014500
0.619278
0.170938
0.014500
0.635715
0.139467
0.014500
0.635715
0.139467
-0.014500
0.619278
0.170938
-0.014500
0.660643
0.114747
0.014500
0.660643
0.114747
-0.014500
0.692044
0.098588
0.014500
0.692044
0.098588
-0.014500
0.727900
0.092800
0.014500
0.727900
0.092800
-0.014500
0.764312
0.098588
0.014500
0.764312
0.098588
-0.014500
0.795783
0.114747
0.014500
0.795783
0.114747
-0.014500
0.820503
0.139467
0.014500
0.820503
0.139467
-0.014500
0.836662
0.170938
0.014500
0.836662
0.170938
-0.014500
0.842450
0.207350
0.014500
0.842450
0.207350
-0.014500
0.836662
0.243206
0.014500
0.836662
0.243206
-0.014500
0.820503
0.274607
0.014500
0.820503
0.274607
-0.014500
0.795783
0.299535
0.014500
0.795783
0.299535
-0.014500
0.764312
0.315972
0.014500
0.764312
0.315972
-0.014500
0.727900
0.321900
0.014500
0.727900
0.321900
-0.014500
0.692044
0.315972
0.014500
0.692044
0.315972
-0.014500
0.660643
0.299535
0.014500
0.660643
0.299535
-0.014500
0.635715
0.274607
0.014500
0.635715
0.274607
-0.014500
0.619278
0.243206
0.014500
0.619278
0.243206
-0.014500
0.613350
0.207350
0.014500
0.613350
0.207350
-0.014500
0.938231
0.137506
0.014500
0.906320
0.076641
0.014500
0.906320
0.076641
-0.014500
0.938231
0.137506
-0.014500
0.857982
0.028513
0.014500
0.857982
0.028513
-0.014500
0.797187
-0.003120
0.014500
0.797187
-0.003120
-0.014500
0.727900
-0.014500
0.014500
0.727900
-0.014500
-0.014500
0.658056
-0.003260
0.014500
0.658056
-0.003260
-0.014500
0.597191
0.028095
0.014500
0.597191
0.028095
-0.014500
0.549063
0.076015
0.014500
0.549063
0.076015
-0.014500
0.517430
0.136950
0.014500
0.517430
0.136950
-0.014500
0.506050
0.207350
0.014500
0.506050
0.207350
-0.014500
0.517430
0.277194
0.014500
0.517430
0.277194
-0.014500
0.549063
0.338059
0.014500
0.549063
0.338059
-0.014500
0.597191
0.386187
0.014500
0.597191
0.386187
-0.014500
0.658056
0.417820
0.014500
0.658056
0.417820
-0.014500
0.727900
0.429200
0.014500
0.727900
0.429200
-0.014500
0.797187
0.417820
0.014500
0.797187
0.417820
-0.014500
0.857983
0.386187
0.014500
0.857983
0.386187
-0.014500
0.906320
0.338059
0.014500
0.906320
0.338059
-0.014500
0.938231
0.277194
0.014500
0.938231
0.277194
-0.014500
0.949750
0.207350
0.014500
0.949750
0.207350
-0.014500
0.113100
-0.014500
0.014500
0.764150
1.001950
0.014500
0.764150
1.001950
-0.014500
0.113100
-0.014500
-0.014500
0.872900
1.001950
0.014500
0.872900
1.001950
-0.014500
0.221850
-0.014500
0.014500
0.221850
-0.014500
-0.014500
0.468431
0.708806
0.014500
0.436520
0.647941
0.014500
0.436520
0.647941
-0.014500
0.468431
0.708806
-0.014500
0.388182
0.599813
0.014500
0.388182
0.599813
-0.014500
0.327387
0.568180
0.014500
0.327387
0.568180
-0.014500
0.258100
0.556800
0.014500
0.258100
0.556800
-0.014500
0.188256
0.568040
0.014500
0.188256
0.568040
-0.014500
0.127391
0.599395
0.014500
0.127391
0.599395
-0.014500
0.079263
0.647315
0.014500
0.079263
0.647315
-0.014500
0.047630
0.708250
0.014500
0.047630
0.708250
-0.014500
0.036250
0.778650
0.014500
0.036250
0.778650
-0.014500
0.047630
0.848494
0.014500
0.047630
0.848494
-0.014500
0.079263
0.909359
0.014500
0.079263
0.909359
-0.014500
0.127391
0.957487
0.014500
0.127391
0.957487
-0.014500
0.188256
0.989120
0.014500
0.188256
0.989120
-0.014500
0.258100
1.000500
0.014500
0.258100
1.000500
-0.014500
0.327387
0.989120
0.014500
0.327387
0.989120
-0.014500
0.388182
0.957487
0.014500
0.388182
0.957487
-0.014500
0.436520
0.909359
0.014500
0.436520
0.909359
-0.014500
0.468431
0.848494
0.014500
0.468431
0.848494
-0.014500
0.479950
0.778650
0.014500
0.479950
0.778650
-0.014500
0.149478
0.742238
0.014500
0.165915
0.710767
0.014500
0.165915
0.710767
-0.014500
0.149478
0.742238
-0.014500
0.190843
0.686047
0.014500
0.190843
0.686047
-0.014500
0.222244
0.669888
0.014500
0.222244
0.669888
-0.014500
0.258100
0.664100
0.014500
0.258100
0.664100
-0.014500
0.294512
0.669888
0.014500
0.294512
0.669888
-0.014500
0.325983
0.686047
0.014500
0.325983
0.686047
-0.014500
0.350703
0.710767
0.014500
0.350703
0.710767
-0.014500
0.366862
0.742238
0.014500
0.366862
0.742238
-0.014500
0.372650
0.778650
0.014500
0.372650
0.778650
-0.014500
0.366862
0.814506
0.014500
0.366862
0.814506
-0.014500
0.350703
0.845907
0.014500
0.350703
0.845907
-0.014500
0.325983
0.870835
0.014500
0.325983
0.870835
-0.014500
0.294512
0.887273
0.014500
0.294512
0.887273
-0.014500
0.258100
0.893200
0.014500
0.258100
0.893200
-0.014500
0.222244
0.887273
0.014500
0.222244
0.887273
-0.014500
0.190843
0.870835
0.014500
0.190843
0.870835
-0.014500
0.165915
0.845907
0.014500
0.165915
0.845907
-0.014500
0.149478
0.814506
0.014500
0.149478
0.814506
-0.014500
0.143550
0.778650
0.014500
0.143550
0.778650
-0.014500
