228
-0.040451
0.000000
-0.079390
-0.047553
0.000000
-0.065452
-0.043933
0.018198
-0.065452
-0.037372
0.015480
-0.079390
-0.029389
0.000000
-0.090452
-0.027152
0.011247
-0.090452
-0.015451
0.000000
-0.097554
-0.014275
0.005913
-0.097554
-0.050000
0.000000
-0.050001
-0.046194
0.019134
-0.050001
-0.033625
0.033625
-0.065452
-0.028603
0.028603
-0.079390
-0.020781
0.020781
-0.090452
-0.010925
0.010925
-0.097554
-0.035355
0.035355
-0.050001
-0.018198
0.043933
-0.065452
-0.015480
0.037372
-0.079390
-0.011247
0.027152
-0.090452
-0.005913
0.014275
-0.097554
-0.019134
0.046194
-0.050001
0.000000
0.050000
-0.050001
0.000000
0.047553
-0.065452
0.000000
0.040451
-0.079390
0.000000
0.029389
-0.090452
0.000000
0.015451
-0.097554
0.000000
0.015451
-0.097554
0.000000
0.029389
-0.090452
0.011247
0.027152
-0.090452
0.005913
0.014275
-0.097554
0.000000
0.047553
-0.065452
0.000000
0.050000
-0.050001
0.019134
0.046194
-0.050001
0.018198
0.043933
-0.065452
0.000000
0.040451
-0.079390
0.015480
0.037372
-0.079390
0.028603
0.028603
-0.079390
0.020781
0.020781
-0.090452
0.010925
0.010925
-0.097554
0.035355
0.035355
-0.050001
0.033625
0.033625
-0.065452
0.037372
0.015480
-0.079390
0.027152
0.011247
-0.090452
0.014275
0.005913
-0.097554
0.046194
0.019134
-0.050001
0.043933
0.018198
-0.065452
0.047553
0.000000
-0.065452
0.040451
0.000000
-0.079390
0.029389
0.000000
-0.090452
0.015451
0.000000
-0.097554
0.050000
0.000000
-0.050001
0.040451
0.000000
-0.079390
0.047553
0.000000
-0.065452
0.043933
-0.018198
-0.065452
0.037372
-0.015480
-0.079390
0.029389
0.000000
-0.090452
0.027152
-0.011247
-0.090452
0.015451
0.000000
-0.097554
0.014275
-0.005913
-0.097554
0.050000
0.000000
-0.050001
0.046194
-0.019134
-0.050001
0.020781
-0.020781
-0.090452
0.010925
-0.010925
-0.097554
0.035355
-0.035355
-0.050001
0.033625
-0.033625
-0.065452
0.028603
-0.028603
-0.079390
0.011247
-0.027152
-0.090452
0.005913
-0.014275
-0.097554
0.019134
-0.046194
-0.050001
0.018198
-0.043933
-0.065452
0.015480
-0.037372
-0.079390
0.000000
-0.040451
-0.079390
0.000000
-0.029389
-0.090452
0.000000
-0.015451
-0.097554
0.000000
-0.050000
-0.050001
0.000000
-0.047553
-0.065452
0.000000
-0.029389
-0.090452
0.000000
-0.040451
-0.079390
-0.015480
-0.037372
-0.079390
-0.011247
-0.027152
-0.090452
0.000000
-0.015451
-0.097554
-0.005913
-0.014275
-0.097554
0.000000
-0.047553
-0.065452
0.000000
-0.050000
-0.050001
-0.019134
-0.046194
-0.050001
-0.018198
-0.043933
-0.065452
-0.033625
-0.033625
-0.065452
-0.028603
-0.028603
-0.079390
-0.020781
-0.020781
-0.090452
-0.010925
-0.010925
-0.097554
-0.035355
-0.035355
-0.050001
-0.046194
-0.019134
-0.050001
-0.043933
-0.018198
-0.065452
-0.037372
-0.015480
-0.079390
-0.027152
-0.011247
-0.090452
-0.014275
-0.005913
-0.097554
0.000000
0.000000
-0.100001
0.000000
0.000000
-0.100001
0.035355
-0.035355
0.050004
0.019134
-0.046194
0.050004
-0.019134
-0.046194
0.050004
-0.035355
-0.035355
0.050004
-0.050000
0.000000
0.050004
-0.046194
0.019134
0.050004
-0.019134
0.046194
0.050004
0.000000
0.050000
0.050004
0.000000
0.000000
-0.100001
-0.035355
0.035355
0.050004
0.035355
0.035355
0.050004
0.046194
0.019134
0.050004
0.000000
-0.050000
0.050004
0.050000
0.000000
0.050004
0.046194
-0.019134
0.050004
-0.050000
0.000000
-0.050001
-0.046194
-0.019134
0.050004
-0.050000
0.000000
0.050004
0.000000
0.000000
-0.100001
0.019134
0.046194
0.050004
0.000000
0.050000
0.050004
-0.029389
0.000000
-0.090452
-0.015451
0.000000
-0.097554
-0.047553
0.000000
-0.065452
0.000000
-0.050000
0.050004
-0.040451
0.000000
-0.079390
0.050000
0.000000
0.050004
-0.047553
-0.000000
0.065455
-0.040451
-0.000000
0.079393
-0.037372
0.015480
0.079393
-0.043933
0.018198
0.065455
-0.050000
0.000000
0.050004
-0.046194
0.019134
0.050004
-0.029389
-0.000000
0.090455
-0.015451
-0.000000
0.097557
-0.014275
0.005913
0.097557
-0.027152
0.011247
0.090455
-0.028603
0.028603
0.079393
-0.033625
0.033625
0.065455
-0.035355
0.035355
0.050004
-0.010925
0.010925
0.097557
-0.020781
0.020781
0.090455
-0.011247
0.027152
0.090455
-0.015480
0.037372
0.079393
-0.018198
0.043933
0.065455
-0.019134
0.046194
0.050004
-0.005913
0.014275
0.097557
0.000000
0.029389
0.090455
0.000000
0.040451
0.079393
0.000000
0.047553
0.065455
0.000000
0.050000
0.050004
0.000000
0.015451
0.097557
0.000000
0.029389
0.090455
0.000000
0.015451
0.097557
0.005913
0.014275
0.097557
0.011247
0.027152
0.090455
0.000000
0.040451
0.079393
0.015480
0.037372
0.079393
0.000000
0.047553
0.065455
0.018198
0.043933
0.065455
0.000000
0.050000
0.050004
0.019134
0.046194
0.050004
0.033625
0.033625
0.065455
0.035355
0.035355
0.050004
0.010925
0.010925
0.097557
0.020781
0.020781
0.090455
0.028603
0.028603
0.079393
0.037372
0.015480
0.079393
0.043933
0.018198
0.065455
0.046194
0.019134
0.050004
0.014275
0.005913
0.097557
0.027152
0.011247
0.090455
0.040451
-0.000000
0.079393
0.047553
-0.000000
0.065455
0.050000
0.000000
0.050004
0.015451
-0.000000
0.097557
0.029389
-0.000000
0.090455
0.040451
-0.000000
0.079393
0.029389
-0.000000
0.090455
0.027152
-0.011247
0.090455
0.037372
-0.015480
0.079393
0.047553
-0.000000
0.065455
0.043933
-0.018198
0.065455
0.050000
0.000000
0.050004
0.046194
-0.019134
0.050004
0.015451
-0.000000
0.097557
0.014275
-0.005913
0.097557
0.020781
-0.020781
0.090455
0.028603
-0.028603
0.079393
0.033625
-0.033625
0.065455
0.035355
-0.035355
0.050004
0.010925
-0.010925
0.097557
0.018198
-0.043933
0.065455
0.019134
-0.046194
0.050004
0.005913
-0.014275
0.097557
0.011247
-0.027152
0.090455
0.015480
-0.037372
0.079393
0.000000
-0.047553
0.065455
0.000000
-0.050000
0.050004
0.000000
-0.015451
0.097557
0.000000
-0.029389
0.090455
0.000000
-0.040451
0.079393
0.000000
-0.047553
0.065455
0.000000
-0.040451
0.079393
-0.015480
-0.037372
0.079393
-0.018198
-0.043933
0.065455
0.000000
-0.050000
0.050004
-0.019134
-0.046194
0.050004
0.000000
-0.029389
0.090455
0.000000
-0.015451
0.097557
-0.005913
-0.014275
0.097557
-0.011247
-0.027152
0.090455
-0.028603
-0.028603
0.079393
-0.033625
-0.033625
0.065455
-0.035355
-0.035355
0.050004
-0.010925
-0.010925
0.097557
-0.020781
-0.020781
0.090455
-0.027152
-0.011247
0.090455
-0.037372
-0.015480
0.079393
-0.043933
-0.018198
0.065455
-0.046194
-0.019134
0.050004
-0.014275
-0.005913
0.097557
0.000000
-0.000000
0.100004
0.000000
-0.000000
0.100004
0.000000
-0.000000
0.100004
0.000000
-0.000000
0.100004
-0.015451
-0.000000
0.097557
-0.029389
-0.000000
0.090455
-0.040451
-0.000000
0.079393
-0.047553
-0.000000
0.065455
-0.050000
0.000000
0.050004
