3
404
0
1
2
0
3
1
4
3
0
4
5
3
6
5
4
6
7
5
8
7
6
8
9
7
10
9
8
11
9
10
11
12
9
13
14
15
13
16
14
17
18
19
20
18
17
21
16
13
20
22
18
21
23
16
24
22
20
25
23
21
25
26
23
27
22
24
27
28
22
29
26
25
27
30
28
31
26
29
27
32
30
33
26
31
27
34
32
35
26
33
27
36
34
37
26
35
27
38
36
39
12
11
39
40
12
41
40
39
41
42
40
43
42
41
43
44
42
45
44
43
45
46
44
26
46
45
26
27
46
37
27
26
37
38
27
47
38
37
47
48
38
47
49
48
50
49
47
50
51
49
52
51
50
53
51
52
53
54
51
55
54
53
55
56
54
57
58
55
58
56
55
58
59
56
59
60
56
57
61
58
62
59
58
62
63
59
64
60
59
65
63
62
65
66
63
67
66
65
67
68
66
69
68
67
69
70
68
71
70
69
71
72
70
73
72
71
73
74
72
75
61
57
64
76
60
77
61
75
64
78
76
79
61
77
64
80
78
81
61
79
64
82
80
83
61
81
64
84
82
85
61
83
85
86
61
87
84
64
87
88
84
85
89
86
90
88
87
91
89
85
90
92
88
93
74
73
93
94
74
93
95
94
96
95
93
96
97
95
98
97
96
98
99
97
100
99
98
100
101
99
102
103
104
105
103
102
105
106
103
107
106
105
107
108
106
109
108
107
109
110
108
111
110
109
111
112
110
111
113
112
114
113
111
115
116
117
118
116
115
119
120
121
119
122
120
118
123
116
124
122
119
125
123
118
124
126
122
125
127
123
128
127
125
124
129
126
130
129
124
128
131
127
132
129
130
128
133
131
134
129
132
128
135
133
136
129
134
128
137
135
138
129
136
128
139
137
140
129
138
114
141
113
142
141
114
142
143
141
144
143
142
144
145
143
146
145
144
146
147
145
148
147
146
148
128
147
129
128
148
129
139
128
140
139
129
140
149
139
150
149
140
151
149
150
151
152
149
153
152
151
153
154
152
153
155
154
156
155
153
156
157
155
158
157
156
159
160
157
158
159
157
161
159
158
162
161
158
163
160
159
161
164
159
165
164
161
162
166
161
165
167
164
168
167
165
168
169
167
170
169
168
170
171
169
172
171
170
172
173
171
174
173
172
174
175
173
176
175
174
163
177
160
178
166
162
163
179
177
180
166
178
163
181
179
182
166
180
163
183
181
184
166
182
163
185
183
186
166
184
163
187
185
188
187
163
186
189
166
190
189
186
191
187
188
190
192
189
191
193
187
194
192
190
176
195
175
196
195
176
197
195
196
197
198
195
199
198
197
199
200
198
201
200
199
201
202
200
203
202
201
204
205
206
204
206
207
205
208
209
205
209
206
208
210
211
208
211
209
210
212
213
210
213
211
212
214
215
212
215
213
214
216
217
214
217
215
216
218
219
216
219
217
218
220
221
218
221
219
220
222
223
220
223
221
222
224
225
222
225
223
224
226
227
224
227
225
226
228
229
226
229
227
228
230
231
228
231
229
230
232
233
230
233
231
232
234
235
232
235
233
234
236
237
234
237
235
236
238
239
236
239
237
238
240
241
238
241
239
240
242
243
240
243
241
242
244
245
242
245
243
244
246
247
244
247
245
246
248
249
246
249
247
248
250
251
248
251
249
250
252
253
250
253
251
252
254
255
252
255
253
254
256
257
254
257
255
256
258
259
256
259
257
258
260
261
258
261
259
260
262
263
260
263
261
262
264
265
262
265
263
264
266
267
264
267
265
266
268
269
266
269
267
268
270
271
268
271
269
270
272
273
270
273
271
272
274
275
272
275
273
274
276
277
274
277
275
276
278
279
276
279
277
278
280
281
278
281
279
280
282
283
280
283
281
282
284
285
282
285
283
284
286
287
284
287
285
286
288
289
286
289
287
288
290
291
288
291
289
290
292
293
290
293
291
292
294
295
292
295
293
294
296
297
294
297
295
296
298
299
296
299
297
298
300
301
298
301
299
300
302
303
300
303
301
302
304
305
302
305
303
304
306
307
304
307
305
306
308
309
306
309
307
308
310
311
308
311
309
310
312
313
310
313
311
312
314
315
312
315
313
314
316
317
314
317
315
316
318
319
316
319
317
318
320
321
318
321
319
320
322
323
320
323
321
322
324
325
322
325
323
324
326
327
324
327
325
326
328
329
326
329
327
328
330
331
328
331
329
330
332
333
330
333
331
332
334
335
332
335
333
334
336
337
334
337
335
336
338
339
336
339
337
338
340
341
338
341
339
340
342
343
340
343
341
342
344
345
342
345
343
344
346
347
344
347
345
346
348
349
346
349
347
348
350
351
348
351
349
350
352
353
350
353
351
352
354
355
352
355
353
354
356
357
354
357
355
356
358
359
356
359
357
358
360
361
358
361
359
360
362
363
360
363
361
362
364
365
362
365
363
364
366
367
364
367
365
366
368
369
366
369
367
368
370
371
368
371
369
370
372
373
370
373
371
372
374
375
372
375
373
374
376
377
374
377
375
376
378
379
376
379
377
378
380
381
378
381
379
380
382
383
380
383
381
382
384
385
382
385
383
384
386
387
384
387
385
386
388
389
386
389
387
388
390
391
388
391
389
390
392
393
390
393
391
392
394
395
392
395
393
394
396
397
394
397
395
396
398
399
396
399
397
398
400
401
398
401
399
400
402
403
400
403
401
402
404
405
402
405
403
404
406
407
404
407
405
406
204
207
406
207
407
