408
0.281010
1.047294
0.014500
0.327839
1.047573
0.014500
0.304500
1.052700
0.014500
0.342966
1.033954
0.014500
0.265524
1.033119
0.014500
0.351062
1.014490
0.014500
0.256998
1.013237
0.014500
0.353313
0.991823
0.014500
0.254388
0.990710
0.014500
0.350900
0.968600
0.014500
0.256650
0.968600
0.014500
0.292900
0.780100
0.014500
0.314650
0.780100
0.014500
0.039278
0.909138
0.014500
0.079367
0.913361
0.014500
0.058557
0.915669
0.014500
0.100038
0.904232
0.014500
0.526930
0.910565
0.014500
0.567994
0.906668
0.014500
0.548158
0.913071
0.014500
0.506398
0.901656
0.014500
0.023200
0.891750
0.014500
0.584350
0.888850
0.014500
0.118900
0.890300
0.014500
0.488650
0.888850
0.014500
0.016066
0.868527
0.014500
0.263900
0.764150
0.014500
0.343650
0.762700
0.014500
0.591612
0.865917
0.014500
0.020416
0.847948
0.014500
0.587459
0.845976
0.014500
0.033118
0.830572
0.014500
0.574745
0.829238
0.014500
0.051040
0.816953
0.014500
0.556324
0.815909
0.014500
0.071050
0.807650
0.014500
0.535050
0.806200
0.014500
0.256650
0.743850
0.014500
0.353800
0.743850
0.014500
0.287935
0.778580
0.014500
0.321424
0.778012
0.014500
0.282066
0.775947
0.014500
0.327781
0.775228
0.014500
0.275778
0.772479
0.014500
0.333651
0.771748
0.014500
0.269561
0.768454
0.014500
0.338964
0.767572
0.014500
0.254411
0.737899
0.014500
0.355053
0.738294
0.014500
0.355470
0.732111
0.014500
0.253008
0.732088
0.014500
0.355262
0.725371
0.014500
0.252578
0.726206
0.014500
0.253263
0.720047
0.014500
0.354635
0.718144
0.014500
0.255200
0.713400
0.014500
0.353800
0.710500
0.014500
0.071050
0.649600
0.014500
0.263900
0.694550
0.014500
0.342200
0.691650
0.014500
0.535050
0.648150
0.014500
0.117450
0.566950
0.014500
0.268575
0.690374
0.014500
0.336261
0.687636
0.014500
0.487200
0.565500
0.014500
0.273806
0.686546
0.014500
0.330530
0.684249
0.014500
0.279456
0.683066
0.014500
0.324870
0.681419
0.014500
0.285383
0.679934
0.014500
0.319139
0.679076
0.014500
0.291450
0.677150
0.014500
0.313200
0.677150
0.014500
0.255200
0.487200
0.014500
0.349450
0.487200
0.014500
0.049776
0.639891
0.014500
0.555060
0.638847
0.014500
0.031355
0.626562
0.014500
0.572982
0.625228
0.014500
0.018641
0.609824
0.014500
0.585684
0.607852
0.014500
0.014488
0.589883
0.014500
0.590034
0.587273
0.014500
0.021750
0.566950
0.014500
0.582900
0.564050
0.014500
0.038106
0.549689
0.014500
0.099702
0.554283
0.014500
0.506062
0.552125
0.014500
0.566822
0.546801
0.014500
0.079170
0.545652
0.014500
0.526733
0.543066
0.014500
0.057942
0.543356
0.014500
0.547543
0.540548
0.014500
0.252787
0.463559
0.014500
0.351712
0.465230
0.014500
0.349102
0.442981
0.014500
0.255038
0.441102
0.014500
0.340576
0.423307
0.014500
0.263134
0.422054
0.014500
0.325090
0.409062
0.014500
0.278261
0.408645
0.014500
0.301600
0.403100
0.014500
0.327839
1.047573
-0.014500
0.281010
1.047294
-0.014500
0.304500
1.052700
-0.014500
0.342966
1.033954
-0.014500
0.265524
1.033119
-0.014500
0.351062
1.014490
-0.014500
0.256998
1.013237
-0.014500
0.353313
0.991823
-0.014500
0.254388
0.990710
-0.014500
0.350900
0.968600
-0.014500
0.256650
0.968600
-0.014500
0.292900
0.780100
-0.014500
0.314650
0.780100
-0.014500
0.079367
0.913361
-0.014500
0.039278
0.909138
-0.014500
0.058557
0.915669
-0.014500
0.100038
0.904232
-0.014500
0.567994
0.906668
-0.014500
0.526930
0.910565
-0.014500
0.548158
0.913071
-0.014500
0.506398
0.901656
-0.014500
0.023200
0.891750
-0.014500
0.584350
0.888850
-0.014500
0.118900
0.890300
-0.014500
0.488650
0.888850
-0.014500
0.016066
0.868527
-0.014500
0.263900
0.764150
-0.014500
0.343650
0.762700
-0.014500
0.591612
0.865917
-0.014500
0.020416
0.847948
-0.014500
0.587459
0.845976
-0.014500
0.033118
0.830572
-0.014500
0.574745
0.829238
-0.014500
0.051040
0.816953
-0.014500
0.556324
0.815909
-0.014500
0.071050
0.807650
-0.014500
0.535050
0.806200
-0.014500
0.256650
0.743850
-0.014500
0.353800
0.743850
-0.014500
0.287935
0.778580
-0.014500
0.321424
0.778012
-0.014500
0.282066
0.775947
-0.014500
0.327781
0.775228
-0.014500
0.275778
0.772479
-0.014500
0.333651
0.771748
-0.014500
0.269561
0.768454
-0.014500
0.338964
0.767572
-0.014500
0.254411
0.737899
-0.014500
0.355053
0.738294
-0.014500
0.355470
0.732111
-0.014500
0.253008
0.732088
-0.014500
0.355262
0.725371
-0.014500
0.252578
0.726206
-0.014500
0.253263
0.720047
-0.014500
0.354635
0.718144
-0.014500
0.255200
0.713400
-0.014500
0.353800
0.710500
-0.014500
0.263900
0.694550
-0.014500
0.071050
0.649600
-0.014500
0.342200
0.691650
-0.014500
0.535050
0.648150
-0.014500
0.117450
0.566950
-0.014500
0.268575
0.690374
-0.014500
0.336261
0.687636
-0.014500
0.487200
0.565500
-0.014500
0.273806
0.686546
-0.014500
0.330530
0.684249
-0.014500
0.279456
0.683066
-0.014500
0.324870
0.681419
-0.014500
0.285383
0.679934
-0.014500
0.319139
0.679076
-0.014500
0.291450
0.677150
-0.014500
0.313200
0.677150
-0.014500
0.255200
0.487200
-0.014500
0.349450
0.487200
-0.014500
0.049776
0.639891
-0.014500
0.555060
0.638847
-0.014500
0.031355
0.626562
-0.014500
0.572982
0.625228
-0.014500
0.018641
0.609824
-0.014500
0.585684
0.607852
-0.014500
0.014488
0.589883
-0.014500
0.590034
0.587273
-0.014500
0.021750
0.566950
-0.014500
0.582900
0.564050
-0.014500
0.038106
0.549689
-0.014500
0.099702
0.554283
-0.014500
0.506062
0.552125
-0.014500
0.566822
0.546801
-0.014500
0.079170
0.545652
-0.014500
0.526733
0.543066
-0.014500
0.057942
0.543356
-0.014500
0.547543
0.540548
-0.014500
0.252787
0.463559
-0.014500
0.351712
0.465230
-0.014500
0.349102
0.442981
-0.014500
0.255038
0.441102
-0.014500
0.340576
0.423307
-0.014500
0.263134
0.422054
-0.014500
0.325090
0.409062
-0.014500
0.278261
0.408645
-0.014500
0.301600
0.403100
-0.014500
0.051040
0.816953
0.014500
0.033118
0.830572
0.014500
0.033118
0.830572
-0.014500
0.051040
0.816953
-0.014500
0.020416
0.847948
0.014500
0.020416
0.847948
-0.014500
0.016066
0.868527
0.014500
0.016066
0.868527
-0.014500
0.023200
0.891750
0.014500
0.023200
0.891750
-0.014500
0.039278
0.909138
0.014500
0.039278
0.909138
-0.014500
0.058557
0.915669
0.014500
0.058557
0.915669
-0.014500
0.079367
0.913361
0.014500
0.079367
0.913361
-0.014500
0.100038
0.904232
0.014500
0.100038
0.904232
-0.014500
0.118900
0.890300
0.014500
0.118900
0.890300
-0.014500
0.263900
0.764150
0.014500
0.263900
0.764150
-0.014500
0.269561
0.768454
0.014500
0.269561
0.768454
-0.014500
0.275778
0.772479
0.014500
0.275778
0.772479
-0.014500
0.282066
0.775947
0.014500
0.282066
0.775947
-0.014500
0.287935
0.778580
0.014500
0.287935
0.778580
-0.014500
0.292900
0.780100
0.014500
0.292900
0.780100
-0.014500
0.256650
0.968600
0.014500
0.256650
0.968600
-0.014500
0.254388
0.990710
0.014500
0.254388
0.990710
-0.014500
0.256998
1.013237
0.014500
0.256998
1.013237
-0.014500
0.265524
1.033119
0.014500
0.265524
1.033119
-0.014500
0.281010
1.047294
0.014500
0.281010
1.047294
-0.014500
0.304500
1.052700
0.014500
0.304500
1.052700
-0.014500
0.327839
1.047573
0.014500
0.327839
1.047573
-0.014500
0.342966
1.033954
0.014500
0.342966
1.033954
-0.014500
0.351062
1.014490
0.014500
0.351062
1.014490
-0.014500
0.353313
0.991823
0.014500
0.353313
0.991823
-0.014500
0.350900
0.968600
0.014500
0.350900
0.968600
-0.014500
0.314650
0.780100
0.014500
0.314650
0.780100
-0.014500
0.321424
0.778012
0.014500
0.321424
0.778012
-0.014500
0.327781
0.775228
0.014500
0.327781
0.775228
-0.014500
0.333651
0.771748
0.014500
0.333651
0.771748
-0.014500
0.338964
0.767572
0.014500
0.338964
0.767572
-0.014500
0.343650
0.762700
0.014500
0.343650
0.762700
-0.014500
0.488650
0.888850
0.014500
0.488650
0.888850
-0.014500
0.506398
0.901656
0.014500
0.506398
0.901656
-0.014500
0.526930
0.910565
0.014500
0.526930
0.910565
-0.014500
0.548158
0.913071
0.014500
0.548158
0.913071
-0.014500
0.567994
0.906668
0.014500
0.567994
0.906668
-0.014500
0.584350
0.888850
0.014500
0.584350
0.888850
-0.014500
0.591612
0.865917
0.014500
0.591612
0.865917
-0.014500
0.587459
0.845976
0.014500
0.587459
0.845976
-0.014500
0.574745
0.829238
0.014500
0.574745
0.829238
-0.014500
0.556324
0.815909
0.014500
0.556324
0.815909
-0.014500
0.535050
0.806200
0.014500
0.535050
0.806200
-0.014500
0.353800
0.743850
0.014500
0.353800
0.743850
-0.014500
0.355053
0.738294
0.014500
0.355053
0.738294
-0.014500
0.355470
0.732111
0.014500
0.355470
0.732111
-0.014500
0.355262
0.725371
0.014500
0.355262
0.725371
-0.014500
0.354635
0.718144
0.014500
0.354635
0.718144
-0.014500
0.353800
0.710500
0.014500
0.353800
0.710500
-0.014500
0.535050
0.648150
0.014500
0.535050
0.648150
-0.014500
0.555060
0.638847
0.014500
0.555060
0.638847
-0.014500
0.572982
0.625228
0.014500
0.572982
0.625228
-0.014500
0.585684
0.607852
0.014500
0.585684
0.607852
-0.014500
0.590034
0.587273
0.014500
0.590034
0.587273
-0.014500
0.582900
0.564050
0.014500
0.582900
0.564050
-0.014500
0.566822
0.546801
0.014500
0.566822
0.546801
-0.014500
0.547543
0.540548
0.014500
0.547543
0.540548
-0.014500
0.526733
0.543066
0.014500
0.526733
0.543066
-0.014500
0.506062
0.552125
0.014500
0.506062
0.552125
-0.014500
0.487200
0.565500
0.014500
0.487200
0.565500
-0.014500
0.342200
0.691650
0.014500
0.342200
0.691650
-0.014500
0.336261
0.687636
0.014500
0.336261
0.687636
-0.014500
0.330530
0.684249
0.014500
0.330530
0.684249
-0.014500
0.324870
0.681419
0.014500
0.324870
0.681419
-0.014500
0.319139
0.679076
0.014500
0.319139
0.679076
-0.014500
0.313200
0.677150
0.014500
0.313200
0.677150
-0.014500
0.349450
0.487200
0.014500
0.349450
0.487200
-0.014500
0.351712
0.465230
0.014500
0.351712
0.465230
-0.014500
0.349102
0.442981
0.014500
0.349102
0.442981
-0.014500
0.340576
0.423307
0.014500
0.340576
0.423307
-0.014500
0.325090
0.409062
0.014500
0.325090
0.409062
-0.014500
0.301600
0.403100
0.014500
0.301600
0.403100
-0.014500
0.278261
0.408645
0.014500
0.278261
0.408645
-0.014500
0.263134
0.422054
0.014500
0.263134
0.422054
-0.014500
0.255038
0.441102
0.014500
0.255038
0.441102
-0.014500
0.252787
0.463559
0.014500
0.252787
0.463559
-0.014500
0.255200
0.487200
0.014500
0.255200
0.487200
-0.014500
0.291450
0.677150
0.014500
0.291450
0.677150
-0.014500
0.285383
0.679934
0.014500
0.285383
0.679934
-0.014500
0.279456
0.683066
0.014500
0.279456
0.683066
-0.014500
0.273806
0.686546
0.014500
0.273806
0.686546
-0.014500
0.268575
0.690374
0.014500
0.268575
0.690374
-0.014500
0.263900
0.694550
0.014500
0.263900
0.694550
-0.014500
0.117450
0.566950
0.014500
0.117450
0.566950
-0.014500
0.099702
0.554283
0.014500
0.099702
0.554283
-0.014500
0.079170
0.545652
0.014500
0.079170
0.545652
-0.014500
0.057942
0.543356
0.014500
0.057942
0.543356
-0.014500
0.038106
0.549689
0.014500
0.038106
0.549689
-0.014500
0.021750
0.566950
0.014500
0.021750
0.566950
-0.014500
0.014488
0.589883
0.014500
0.014488
0.589883
-0.014500
0.018641
0.609824
0.014500
0.018641
0.609824
-0.014500
0.031355
0.626562
0.014500
0.031355
0.626562
-0.014500
0.049776
0.639891
0.014500
0.049776
0.639891
-0.014500
0.071050
0.649600
0.014500
0.071050
0.649600
-0.014500
0.255200
0.713400
0.014500
0.255200
0.713400
-0.014500
0.253263
0.720047
0.014500
0.253263
0.720047
-0.014500
0.252578
0.726206
0.014500
0.252578
0.726206
-0.014500
0.253008
0.732088
0.014500
0.253008
0.732088
-0.014500
0.254411
0.737899
0.014500
0.254411
0.737899
-0.014500
0.256650
0.743850
0.014500
0.256650
0.743850
-0.014500
0.071050
0.807650
0.014500
0.071050
0.807650
-0.014500
