24
0.107300
0.000000
0.014500
0.249400
0.988900
0.014500
0.107300
0.988900
0.014500
0.249400
0.127600
0.014500
0.696000
0.127600
0.014500
0.696000
0.000000
0.014500
0.249400
0.988900
-0.014500
0.107300
0.000000
-0.014500
0.107300
0.988900
-0.014500
0.249400
0.127600
-0.014500
0.696000
0.127600
-0.014500
0.696000
0.000000
-0.014500
0.696000
0.127600
0.014500
0.696000
0.000000
0.014500
0.696000
0.000000
-0.014500
0.696000
0.127600
-0.014500
0.107300
0.000000
0.014500
0.107300
0.000000
-0.014500
0.107300
0.988900
0.014500
0.107300
0.988900
-0.014500
0.249400
0.988900
0.014500
0.249400
0.988900
-0.014500
0.249400
0.127600
0.014500
0.249400
0.127600
-0.014500
