3
288
0
1
2
0
2
3
4
5
6
4
6
7
8
0
3
8
3
9
10
4
7
10
7
11
12
13
14
12
14
15
16
8
9
16
9
17
1
18
19
1
19
2
5
12
15
5
15
6
3
2
20
3
20
21
7
6
22
7
22
23
9
3
21
9
21
24
11
7
23
11
23
25
15
14
26
15
26
27
17
9
24
17
24
28
2
19
29
2
29
20
6
15
27
6
27
22
22
27
30
22
30
31
21
20
32
21
32
33
23
22
31
23
31
34
24
21
33
24
33
35
25
23
34
25
34
36
27
26
37
27
37
30
28
24
35
28
35
38
20
29
39
20
39
32
32
39
40
32
40
41
31
30
42
31
42
43
33
32
41
33
41
44
34
31
43
34
43
45
35
33
44
35
44
46
36
34
45
36
45
47
30
37
48
30
48
42
38
35
46
38
46
49
50
51
52
50
52
53
54
55
56
54
56
57
58
59
60
58
60
61
62
50
53
62
53
63
64
58
61
64
61
65
66
62
63
66
63
67
55
64
65
55
65
56
68
66
67
68
67
69
56
65
70
56
70
71
69
67
72
69
72
73
53
52
74
53
74
75
57
56
71
57
71
76
61
60
77
61
77
78
63
53
75
63
75
79
65
61
78
65
78
70
67
63
79
67
79
72
72
79
80
72
80
81
71
70
82
71
82
83
73
72
81
73
81
84
75
74
85
75
85
86
76
71
83
76
83
87
78
77
88
78
88
89
79
75
86
79
86
80
70
78
89
70
89
82
82
89
90
82
90
91
81
80
92
81
92
93
83
82
91
83
91
94
84
81
93
84
93
95
86
85
96
86
96
97
87
83
94
87
94
98
89
88
99
89
99
90
80
86
97
80
97
92
100
101
102
100
102
103
104
105
106
104
106
107
108
100
103
108
103
109
110
104
107
110
107
111
112
108
109
112
109
113
101
114
115
101
115
102
116
110
111
116
111
117
105
118
119
105
119
106
117
111
120
117
120
121
106
119
122
106
122
123
103
102
124
103
124
125
107
106
123
107
123
126
109
103
125
109
125
127
111
107
126
111
126
120
113
109
127
113
127
128
102
115
129
102
129
124
128
127
130
128
130
131
124
129
132
124
132
133
121
120
134
121
134
135
123
122
136
123
136
137
125
124
133
125
133
138
126
123
137
126
137
139
127
125
138
127
138
130
120
126
139
120
139
134
134
139
140
134
140
141
131
130
142
131
142
143
133
132
144
133
144
145
135
134
141
135
141
146
137
136
147
137
147
148
138
133
145
138
145
149
139
137
148
139
148
140
130
138
149
130
149
142
150
151
152
150
152
153
154
155
156
154
156
157
158
150
153
158
153
159
160
161
162
160
162
163
164
154
157
164
157
165
166
167
168
166
168
169
151
160
163
151
163
152
155
166
169
155
169
156
156
169
170
156
170
171
153
152
172
153
172
173
157
156
171
157
171
174
159
153
173
159
173
175
163
162
176
163
176
177
165
157
174
165
174
178
169
168
179
169
179
170
152
163
177
152
177
172
170
179
180
170
180
181
172
177
182
172
182
183
171
170
181
171
181
184
173
172
183
173
183
185
174
171
184
174
184
186
175
173
185
175
185
187
177
176
188
177
188
182
178
174
186
178
186
189
13
190
14
191
16
17
14
190
26
191
17
28
191
28
38
26
190
37
191
38
49
37
190
48
192
54
57
51
193
52
192
57
76
52
193
74
74
193
85
192
76
87
85
193
96
192
87
98
194
116
117
114
195
115
194
117
121
115
195
129
194
121
135
129
195
132
132
195
144
194
135
146
161
196
162
197
164
165
197
165
178
162
196
176
197
178
189
176
196
188
182
188
198
182
198
199
189
186
200
189
200
201
181
180
202
181
202
203
183
182
199
183
199
204
197
189
201
184
181
203
184
203
205
185
183
204
185
204
206
188
196
198
186
184
205
186
205
200
187
185
206
187
206
207
