60
0.105850
0.000000
0.014500
0.239250
0.988900
0.014500
0.105850
0.988900
0.014500
0.247950
0.769950
0.014500
0.250850
0.769950
0.014500
0.566950
0.582900
0.014500
1.028050
0.988900
0.014500
0.896100
0.988900
0.014500
0.883050
0.769950
0.014500
0.885950
0.769950
0.014500
1.028050
0.000000
0.014500
0.247950
0.000000
0.014500
0.555350
0.387150
0.014500
0.578550
0.387150
0.014500
0.885950
0.000000
0.014500
0.239250
0.988900
-0.014500
0.105850
0.000000
-0.014500
0.105850
0.988900
-0.014500
0.247950
0.769950
-0.014500
0.250850
0.769950
-0.014500
0.566950
0.582900
-0.014500
1.028050
0.988900
-0.014500
0.896100
0.988900
-0.014500
0.883050
0.769950
-0.014500
0.885950
0.769950
-0.014500
1.028050
0.000000
-0.014500
0.247950
0.000000
-0.014500
0.555350
0.387150
-0.014500
0.578550
0.387150
-0.014500
0.885950
0.000000
-0.014500
0.885950
0.000000
0.014500
0.885950
0.769950
0.014500
0.885950
0.769950
-0.014500
0.885950
0.000000
-0.014500
0.883050
0.769950
0.014500
0.883050
0.769950
-0.014500
0.578550
0.387150
0.014500
0.578550
0.387150
-0.014500
0.555350
0.387150
0.014500
0.555350
0.387150
-0.014500
0.250850
0.769950
0.014500
0.250850
0.769950
-0.014500
0.247950
0.769950
0.014500
0.247950
0.769950
-0.014500
0.247950
0.000000
0.014500
0.247950
0.000000
-0.014500
0.105850
0.000000
0.014500
0.105850
0.000000
-0.014500
0.105850
0.988900
0.014500
0.105850
0.988900
-0.014500
0.239250
0.988900
0.014500
0.239250
0.988900
-0.014500
0.566950
0.582900
0.014500
0.566950
0.582900
-0.014500
0.896100
0.988900
0.014500
0.896100
0.988900
-0.014500
1.028050
0.988900
0.014500
1.028050
0.988900
-0.014500
1.028050
0.000000
0.014500
1.028050
0.000000
-0.014500
