3
176
0
1
2
0
3
1
4
5
6
7
5
4
8
5
7
8
9
5
10
9
8
3
9
10
0
11
3
11
12
3
12
13
3
13
14
3
14
9
3
14
15
9
15
16
9
16
17
9
18
17
16
19
17
18
19
20
17
21
20
19
0
22
11
23
20
21
23
24
20
25
24
23
25
26
24
27
26
25
28
26
27
28
29
26
30
29
28
31
29
30
0
32
22
0
33
32
31
34
29
35
34
31
0
36
33
0
37
36
0
35
37
0
34
35
0
38
34
39
38
0
40
38
39
41
38
40
41
42
38
43
42
41
44
45
46
47
45
44
48
49
50
48
51
49
48
52
51
53
52
48
53
54
52
53
47
54
55
45
47
56
55
47
57
56
47
58
57
47
53
58
47
59
58
53
60
59
53
61
60
53
61
62
60
61
63
62
64
63
61
64
65
63
66
45
55
64
67
65
68
67
64
68
69
67
70
69
68
70
71
69
70
72
71
73
72
70
73
74
72
73
75
74
76
45
66
77
45
76
78
75
73
78
79
75
80
45
77
81
45
80
79
45
81
78
45
79
82
45
78
82
83
45
82
84
83
82
85
84
86
85
82
86
87
85
88
89
90
88
90
91
89
92
93
89
93
90
92
94
95
92
95
93
94
96
97
94
97
95
96
98
99
96
99
97
98
100
101
98
101
99
100
102
103
100
103
101
102
104
105
102
105
103
104
106
107
104
107
105
106
108
109
106
109
107
108
110
111
108
111
109
110
112
113
110
113
111
112
114
115
112
115
113
114
116
117
114
117
115
116
118
119
116
119
117
118
120
121
118
121
119
120
122
123
120
123
121
122
124
125
122
125
123
124
126
127
124
127
125
126
128
129
126
129
127
128
130
131
128
131
129
130
132
133
130
133
131
132
88
91
132
91
133
134
135
136
134
136
137
135
138
139
135
139
136
138
140
141
138
141
139
140
142
143
140
143
141
142
144
145
142
145
143
144
146
147
144
147
145
146
148
149
146
149
147
148
150
151
148
151
149
150
152
153
150
153
151
152
154
155
152
155
153
154
156
157
154
157
155
156
158
159
156
159
157
158
160
161
158
161
159
160
162
163
160
163
161
162
164
165
162
165
163
164
166
167
164
167
165
166
168
169
166
169
167
168
170
171
168
171
169
170
172
173
170
173
171
172
174
175
172
175
173
174
134
137
174
137
175
