176
0.085550
0.036250
0.014500
0.214600
0.988900
0.014500
0.085550
0.988900
0.014500
0.214600
0.604650
0.014500
0.356074
0.661815
0.014500
0.486017
0.648278
0.014500
0.394400
0.664100
0.014500
0.319209
0.654866
0.014500
0.283527
0.643116
0.014500
0.563574
0.603641
0.014500
0.248750
0.626423
0.014500
0.214600
0.481400
0.014500
0.245990
0.507268
0.014500
0.275013
0.526176
0.014500
0.303131
0.538820
0.014500
0.331806
0.545896
0.014500
0.362500
0.548100
0.014500
0.623454
0.534435
0.014500
0.423110
0.537648
0.014500
0.473280
0.507639
0.014500
0.662035
0.444906
0.014500
0.511270
0.460091
0.014500
0.214600
0.129050
0.014500
0.535340
0.397022
0.014500
0.675700
0.339300
0.014500
0.543750
0.320450
0.014500
0.660388
0.218022
0.014500
0.534226
0.251105
0.014500
0.507233
0.192688
0.014500
0.615844
0.120060
0.014500
0.465137
0.147772
0.014500
0.410304
0.118935
0.014500
0.239030
0.122484
0.014500
0.265965
0.116893
0.014500
0.544156
0.047502
0.014500
0.345100
0.108750
0.014500
0.293735
0.112555
0.014500
0.320670
0.109748
0.014500
0.447412
0.002436
0.014500
0.127020
0.019430
0.014500
0.173710
0.005742
0.014500
0.223880
-0.004466
0.014500
0.327700
-0.013050
0.014500
0.275790
-0.010846
0.014500
0.214600
0.988900
-0.014500
0.085550
0.036250
-0.014500
0.085550
0.988900
-0.014500
0.214600
0.604650
-0.014500
0.486017
0.648278
-0.014500
0.356074
0.661815
-0.014500
0.394400
0.664100
-0.014500
0.319209
0.654866
-0.014500
0.283527
0.643116
-0.014500
0.563574
0.603641
-0.014500
0.248750
0.626423
-0.014500
0.214600
0.481400
-0.014500
0.245990
0.507268
-0.014500
0.275013
0.526176
-0.014500
0.303131
0.538820
-0.014500
0.331806
0.545896
-0.014500
0.362500
0.548100
-0.014500
0.623454
0.534435
-0.014500
0.423110
0.537648
-0.014500
0.473280
0.507639
-0.014500
0.662035
0.444906
-0.014500
0.511270
0.460091
-0.014500
0.214600
0.129050
-0.014500
0.535340
0.397022
-0.014500
0.675700
0.339300
-0.014500
0.543750
0.320450
-0.014500
0.660388
0.218022
-0.014500
0.534226
0.251105
-0.014500
0.507233
0.192688
-0.014500
0.615844
0.120060
-0.014500
0.465137
0.147772
-0.014500
0.410304
0.118935
-0.014500
0.239030
0.122484
-0.014500
0.265965
0.116893
-0.014500
0.544156
0.047502
-0.014500
0.345100
0.108750
-0.014500
0.293735
0.112555
-0.014500
0.320670
0.109748
-0.014500
0.447412
0.002436
-0.014500
0.127020
0.019430
-0.014500
0.173710
0.005742
-0.014500
0.223880
-0.004466
-0.014500
0.327700
-0.013050
-0.014500
0.275790
-0.010846
-0.014500
0.248750
0.626423
0.014500
0.283527
0.643116
0.014500
0.283527
0.643116
-0.014500
0.248750
0.626423
-0.014500
0.319209
0.654866
0.014500
0.319209
0.654866
-0.014500
0.356074
0.661815
0.014500
0.356074
0.661815
-0.014500
0.394400
0.664100
0.014500
0.394400
0.664100
-0.014500
0.486017
0.648278
0.014500
0.486017
0.648278
-0.014500
0.563574
0.603641
0.014500
0.563574
0.603641
-0.014500
0.623454
0.534435
0.014500
0.623454
0.534435
-0.014500
0.662035
0.444906
0.014500
0.662035
0.444906
-0.014500
0.675700
0.339300
0.014500
0.675700
0.339300
-0.014500
0.660388
0.218022
0.014500
0.660388
0.218022
-0.014500
0.615844
0.120060
0.014500
0.615844
0.120060
-0.014500
0.544156
0.047502
0.014500
0.544156
0.047502
-0.014500
0.447412
0.002436
0.014500
0.447412
0.002436
-0.014500
0.327700
-0.013050
0.014500
0.327700
-0.013050
-0.014500
0.275790
-0.010846
0.014500
0.275790
-0.010846
-0.014500
0.223880
-0.004466
0.014500
0.223880
-0.004466
-0.014500
0.173710
0.005742
0.014500
0.173710
0.005742
-0.014500
0.127020
0.019430
0.014500
0.127020
0.019430
-0.014500
0.085550
0.036250
0.014500
0.085550
0.036250
-0.014500
0.085550
0.988900
0.014500
0.085550
0.988900
-0.014500
0.214600
0.988900
0.014500
0.214600
0.988900
-0.014500
0.214600
0.604650
0.014500
0.214600
0.604650
-0.014500
0.239030
0.122484
0.014500
0.265965
0.116893
0.014500
0.265965
0.116893
-0.014500
0.239030
0.122484
-0.014500
0.293735
0.112555
0.014500
0.293735
0.112555
-0.014500
0.320670
0.109748
0.014500
0.320670
0.109748
-0.014500
0.345100
0.108750
0.014500
0.345100
0.108750
-0.014500
0.410304
0.118935
0.014500
0.410304
0.118935
-0.014500
0.465137
0.147772
0.014500
0.465137
0.147772
-0.014500
0.507233
0.192688
0.014500
0.507233
0.192688
-0.014500
0.534226
0.251105
0.014500
0.534226
0.251105
-0.014500
0.543750
0.320450
0.014500
0.543750
0.320450
-0.014500
0.535340
0.397022
0.014500
0.535340
0.397022
-0.014500
0.511270
0.460091
0.014500
0.511270
0.460091
-0.014500
0.473280
0.507639
0.014500
0.473280
0.507639
-0.014500
0.423110
0.537648
0.014500
0.423110
0.537648
-0.014500
0.362500
0.548100
0.014500
0.362500
0.548100
-0.014500
0.331806
0.545896
0.014500
0.331806
0.545896
-0.014500
0.303131
0.538820
0.014500
0.303131
0.538820
-0.014500
0.275013
0.526176
0.014500
0.275013
0.526176
-0.014500
0.245990
0.507268
0.014500
0.245990
0.507268
-0.014500
0.214600
0.481400
0.014500
0.214600
0.481400
-0.014500
0.214600
0.129050
0.014500
0.214600
0.129050
-0.014500
