4
78
0.640000
0.593464
0.017997
1.000000
0.640000
0.593464
0.017997
1.000000
0.640000
0.593464
0.017997
1.000000
0.640000
0.593464
0.017997
1.000000
0.640000
0.593464
0.017997
1.000000
0.640000
0.593464
0.017997
1.000000
0.640000
0.593464
0.017997
1.000000
0.640000
0.593464
0.017997
1.000000
0.640000
0.593464
0.017997
1.000000
0.640000
0.593464
0.017997
1.000000
0.640000
0.593464
0.017997
1.000000
0.640000
0.593464
0.017997
1.000000
0.640000
0.593464
0.017997
1.000000
0.640000
0.593464
0.017997
1.000000
0.640000
0.593464
0.017997
1.000000
0.640000
0.593464
0.017997
1.000000
0.640000
0.593464
0.017997
1.000000
0.640000
0.593464
0.017997
1.000000
0.640000
0.593464
0.017997
1.000000
0.640000
0.593464
0.017997
1.000000
0.640000
0.593464
0.017997
1.000000
0.640000
0.593464
0.017997
1.000000
0.640000
0.593464
0.017997
1.000000
0.640000
0.593464
0.017997
1.000000
0.640000
0.593464
0.017997
1.000000
0.640000
0.593464
0.017997
1.000000
0.640000
0.593464
0.017997
1.000000
0.640000
0.593464
0.017997
1.000000
0.640000
0.593464
0.017997
1.000000
0.640000
0.593464
0.017997
1.000000
0.640000
0.593464
0.017997
1.000000
0.640000
0.593464
0.017997
1.000000
0.640000
0.593464
0.017997
1.000000
0.640000
0.593464
0.017997
1.000000
0.640000
0.593464
0.017997
1.000000
0.640000
0.593464
0.017997
1.000000
0.640000
0.593464
0.017997
1.000000
0.640000
0.593464
0.017997
1.000000
0.640000
0.593464
0.017997
1.000000
0.640000
0.593464
0.017997
1.000000
0.640000
0.593464
0.017997
1.000000
0.640000
0.593464
0.017997
1.000000
0.640000
0.593464
0.017997
1.000000
0.640000
0.593464
0.017997
1.000000
0.640000
0.593464
0.017997
1.000000
0.640000
0.593464
0.017997
1.000000
0.640000
0.593464
0.017997
1.000000
0.640000
0.593464
0.017997
1.000000
0.640000
0.593464
0.017997
1.000000
0.640000
0.593464
0.017997
1.000000
0.640000
0.593464
0.017997
1.000000
0.640000
0.593464
0.017997
1.000000
0.640000
0.593464
0.017997
1.000000
0.640000
0.593464
0.017997
1.000000
0.640000
0.593464
0.017997
1.000000
0.640000
0.593464
0.017997
1.000000
0.640000
0.593464
0.017997
1.000000
0.640000
0.593464
0.017997
1.000000
0.640000
0.593464
0.017997
1.000000
0.640000
0.593464
0.017997
1.000000
0.640000
0.593464
0.017997
1.000000
0.640000
0.593464
0.017997
1.000000
0.640000
0.593464
0.017997
1.000000
0.640000
0.593464
0.017997
1.000000
0.640000
0.593464
0.017997
1.000000
0.640000
0.593464
0.017997
1.000000
0.640000
0.593464
0.017997
1.000000
0.640000
0.593464
0.017997
1.000000
0.640000
0.593464
0.017997
1.000000
0.640000
0.593464
0.017997
1.000000
0.640000
0.593464
0.017997
1.000000
0.640000
0.593464
0.017997
1.000000
0.640000
0.593464
0.017997
1.000000
0.640000
0.593464
0.017997
1.000000
0.640000
0.593464
0.017997
1.000000
0.640000
0.593464
0.017997
1.000000
0.640000
0.593464
0.017997
1.000000
0.640000
0.593464
0.017997
1.000000
