3
132
0
1
2
3
4
5
5
4
0
1
3
6
7
8
9
10
11
12
13
9
11
14
12
8
0
9
8
3
12
11
2
7
13
5
10
14
4
11
9
1
8
12
15
13
10
6
14
7
16
17
18
19
20
21
22
21
17
23
18
20
24
25
26
27
28
29
30
26
28
31
29
25
17
26
25
20
29
28
23
24
30
22
27
31
21
28
26
18
25
29
16
30
27
19
31
24
32
33
34
35
36
37
37
36
32
33
35
38
39
40
41
42
43
44
45
41
43
46
44
40
32
41
40
35
44
43
34
39
45
37
42
46
36
43
41
33
40
44
47
45
42
38
46
39
48
49
50
51
49
52
50
49
51
52
49
48
52
48
50
53
54
55
56
54
57
55
54
56
57
54
53
57
53
55
58
59
60
61
59
62
60
59
61
62
59
58
62
58
60
63
64
65
66
64
67
65
64
66
67
64
63
67
63
65
68
69
70
71
69
72
70
69
71
72
69
68
72
68
70
73
74
75
76
74
77
75
74
76
77
74
73
77
73
75
15
0
2
6
3
5
15
5
0
2
1
6
13
7
9
14
10
12
10
13
11
7
14
8
1
0
8
4
3
11
15
2
13
6
5
14
0
4
9
3
1
12
5
15
10
2
6
7
23
16
18
22
19
21
16
22
17
19
23
20
30
24
26
31
27
29
27
30
28
24
31
25
18
17
25
21
20
28
16
23
30
19
22
31
17
21
26
20
18
29
22
16
27
23
19
24
47
32
34
38
35
37
47
37
32
34
33
38
45
39
41
46
42
44
42
45
43
39
46
40
33
32
40
36
35
43
47
34
45
38
37
46
32
36
41
35
33
44
37
47
42
34
38
39
51
52
50
56
57
55
61
62
60
66
67
65
71
72
70
76
77
75
