78
-0.021449
-0.423592
-0.422953
-0.021449
-0.423592
0.422267
-0.021449
-0.371693
0.370368
-0.021449
0.421415
0.422267
-0.021449
0.421415
-0.422953
-0.021449
0.369517
-0.371055
-0.021449
0.369517
0.370368
0.024236
-0.371693
0.370368
0.024236
-0.423592
0.422267
0.024236
-0.423592
-0.422953
0.024237
0.369517
-0.371055
0.024237
0.421415
-0.422953
0.024237
0.421415
0.422267
0.024236
-0.371693
-0.371055
0.024237
0.369517
0.370368
-0.021449
-0.371693
-0.371055
0.371343
0.369517
-0.021449
0.423242
0.421415
-0.021449
0.423242
-0.423592
-0.021449
-0.370636
-0.371693
-0.021449
-0.422535
-0.423592
-0.021449
-0.422535
0.421415
-0.021449
-0.370636
0.369517
-0.021449
0.371343
-0.371693
-0.021449
0.371343
-0.371693
0.024236
0.423242
-0.423592
0.024236
0.423242
0.421415
0.024237
-0.370636
0.369517
0.024237
-0.422535
0.421415
0.024237
-0.422535
-0.423592
0.024236
0.371343
0.369517
0.024237
-0.370636
-0.371693
0.024236
0.423242
-0.021449
-0.422953
0.423242
-0.021449
0.422267
0.371343
-0.021449
0.370368
-0.422535
-0.021449
0.422267
-0.422535
-0.021449
-0.422953
-0.370636
-0.021449
-0.371055
-0.370636
-0.021449
0.370368
0.371343
0.024236
0.370368
0.423242
0.024236
0.422267
0.423242
0.024236
-0.422953
-0.370636
0.024236
-0.371055
-0.422535
0.024236
-0.422953
-0.422535
0.024236
0.422267
0.371343
0.024236
-0.371055
-0.370636
0.024236
0.370368
0.371343
-0.021449
-0.371055
-0.456576
0.070784
-0.070784
-0.256369
-0.000000
0.000000
-0.456576
-0.070784
-0.070784
-0.456576
-0.070784
0.070784
-0.456576
0.070784
0.070784
0.457283
-0.070784
-0.070784
0.257076
0.000000
0.000000
0.457283
0.070784
-0.070784
0.457283
0.070784
0.070784
0.457283
-0.070784
0.070784
0.070784
-0.070784
-0.456994
0.000000
-0.000000
-0.256788
-0.070784
-0.070784
-0.456994
-0.070784
0.070784
-0.456994
0.070784
0.070784
-0.456994
0.070784
0.070784
0.456308
0.000000
0.000000
0.256101
-0.070784
0.070784
0.456308
-0.070784
-0.070784
0.456308
0.070784
-0.070784
0.456308
0.070784
-0.457633
0.070784
0.000000
-0.257426
0.000000
-0.070784
-0.457633
0.070784
-0.070784
-0.457633
-0.070784
0.070784
-0.457633
-0.070784
0.070784
0.455456
-0.070784
0.000000
0.255250
0.000000
-0.070784
0.455456
-0.070784
-0.070784
0.455456
0.070784
0.070784
0.455456
0.070784
