3
152
0
1
2
3
1
0
3
4
1
5
4
3
5
6
4
7
6
5
7
8
6
9
8
7
9
10
8
11
10
9
11
12
10
13
12
11
13
14
12
15
14
13
15
16
14
17
16
15
17
18
16
19
18
17
20
21
22
23
21
20
23
24
21
25
24
23
25
26
24
27
26
25
27
28
26
29
28
27
29
30
28
31
30
29
31
32
30
33
32
31
33
34
32
35
34
33
35
36
34
37
36
35
37
38
36
39
38
37
40
41
42
40
43
41
44
43
40
44
45
43
46
45
44
46
47
45
48
47
46
48
49
47
50
49
48
50
51
49
52
51
50
52
53
51
54
53
52
54
55
53
56
55
54
56
57
55
58
57
56
58
59
57
60
61
62
60
63
61
64
63
60
64
65
63
66
65
64
66
67
65
68
67
66
68
69
67
70
69
68
70
71
69
72
71
70
72
73
71
74
73
72
74
75
73
76
75
74
76
77
75
78
77
76
78
79
77
80
81
82
80
82
83
81
84
85
81
85
82
84
86
87
84
87
85
86
88
89
86
89
87
88
90
91
88
91
89
90
92
93
90
93
91
92
94
95
92
95
93
94
96
97
94
97
95
96
98
99
96
99
97
98
100
101
98
101
99
100
102
103
100
103
101
102
104
105
102
105
103
104
106
107
104
107
105
106
108
109
106
109
107
108
110
111
108
111
109
110
112
113
110
113
111
112
114
115
112
115
113
114
116
117
114
117
115
116
118
119
116
119
117
118
80
83
118
83
119
120
121
122
120
122
123
121
124
125
121
125
122
124
126
127
124
127
125
126
128
129
126
129
127
128
130
131
128
131
129
130
132
133
130
133
131
132
134
135
132
135
133
134
136
137
134
137
135
136
138
139
136
139
137
138
140
141
138
141
139
140
142
143
140
143
141
142
144
145
142
145
143
144
146
147
144
147
145
146
148
149
146
149
147
148
150
151
148
151
149
150
152
153
150
153
151
152
154
155
152
155
153
154
156
157
154
157
155
156
158
159
156
159
157
158
120
123
158
123
159
