3
104
0
1
2
1
3
2
1
4
3
1
5
4
1
6
5
6
7
5
7
8
5
0
9
1
10
8
7
11
8
10
11
12
8
13
12
11
13
14
12
15
14
13
16
14
15
16
17
14
18
17
16
18
19
17
20
19
18
21
19
20
21
22
19
23
22
21
0
23
9
0
22
23
0
24
22
0
25
24
26
27
28
29
26
28
30
26
29
31
26
30
32
26
31
33
32
31
34
33
31
35
27
26
34
36
33
34
37
36
38
37
34
38
39
37
40
39
38
40
41
39
40
42
41
43
42
40
43
44
42
45
44
43
45
46
44
45
47
46
48
47
45
48
49
47
49
27
35
48
27
49
50
27
48
51
27
50
52
53
54
52
54
55
53
56
57
53
57
54
56
58
59
56
59
57
58
60
61
58
61
59
60
62
63
60
63
61
62
64
65
62
65
63
64
66
67
64
67
65
66
68
69
66
69
67
68
70
71
68
71
69
70
72
73
70
73
71
72
74
75
72
75
73
74
76
77
74
77
75
76
52
55
76
55
77
78
79
80
78
80
81
79
82
83
79
83
80
82
84
85
82
85
83
84
86
87
84
87
85
86
88
89
86
89
87
88
90
91
88
91
89
90
92
93
90
93
91
92
94
95
92
95
93
94
96
97
94
97
95
96
98
99
96
99
97
98
100
101
98
101
99
100
102
103
100
103
101
102
78
81
102
81
103
