104
0.110200
0.000000
0.014500
0.252300
0.861300
0.014500
0.110200
0.988900
0.014500
0.494450
0.988900
0.014500
0.689504
0.959888
0.014500
0.837578
0.882087
0.014500
0.471250
0.861300
0.014500
0.619521
0.842218
0.014500
0.940760
0.769347
0.014500
0.252300
0.127600
0.014500
0.732784
0.789380
0.014500
0.812221
0.709398
0.014500
1.001138
0.635518
0.014500
0.859015
0.608884
0.014500
1.020800
0.494450
0.014500
0.874350
0.494450
0.014500
0.864084
0.409526
0.014500
0.997531
0.345587
0.014500
0.827718
0.312701
0.014500
0.929995
0.210784
0.014500
0.756900
0.221653
0.014500
0.643278
0.154060
0.014500
0.821605
0.100966
0.014500
0.478500
0.127600
0.014500
0.675770
0.027063
0.014500
0.495900
0.000000
0.014500
0.252300
0.861300
-0.014500
0.110200
0.000000
-0.014500
0.110200
0.988900
-0.014500
0.494450
0.988900
-0.014500
0.689504
0.959888
-0.014500
0.837578
0.882087
-0.014500
0.471250
0.861300
-0.014500
0.619521
0.842218
-0.014500
0.940760
0.769347
-0.014500
0.252300
0.127600
-0.014500
0.732784
0.789380
-0.014500
0.812221
0.709398
-0.014500
1.001138
0.635518
-0.014500
0.859015
0.608884
-0.014500
1.020800
0.494450
-0.014500
0.874350
0.494450
-0.014500
0.864084
0.409526
-0.014500
0.997531
0.345587
-0.014500
0.827718
0.312701
-0.014500
0.929995
0.210784
-0.014500
0.756900
0.221653
-0.014500
0.643278
0.154060
-0.014500
0.821605
0.100966
-0.014500
0.478500
0.127600
-0.014500
0.675770
0.027063
-0.014500
0.495900
0.000000
-0.014500
0.494450
0.988900
0.014500
0.689504
0.959888
0.014500
0.689504
0.959888
-0.014500
0.494450
0.988900
-0.014500
0.837578
0.882087
0.014500
0.837578
0.882087
-0.014500
0.940760
0.769347
0.014500
0.940760
0.769347
-0.014500
1.001138
0.635518
0.014500
1.001138
0.635518
-0.014500
1.020800
0.494450
0.014500
1.020800
0.494450
-0.014500
0.997531
0.345587
0.014500
0.997531
0.345587
-0.014500
0.929995
0.210784
0.014500
0.929995
0.210784
-0.014500
0.821605
0.100966
0.014500
0.821605
0.100966
-0.014500
0.675770
0.027063
0.014500
0.675770
0.027063
-0.014500
0.495900
0.000000
0.014500
0.495900
0.000000
-0.014500
0.110200
0.000000
0.014500
0.110200
0.000000
-0.014500
0.110200
0.988900
0.014500
0.110200
0.988900
-0.014500
0.478500
0.127600
0.014500
0.643278
0.154060
0.014500
0.643278
0.154060
-0.014500
0.478500
0.127600
-0.014500
0.756900
0.221653
0.014500
0.756900
0.221653
-0.014500
0.827718
0.312701
0.014500
0.827718
0.312701
-0.014500
0.864084
0.409526
0.014500
0.864084
0.409526
-0.014500
0.874350
0.494450
0.014500
0.874350
0.494450
-0.014500
0.859015
0.608884
0.014500
0.859015
0.608884
-0.014500
0.812221
0.709398
0.014500
0.812221
0.709398
-0.014500
0.732784
0.789380
0.014500
0.732784
0.789380
-0.014500
0.619521
0.842218
0.014500
0.619521
0.842218
-0.014500
0.471250
0.861300
0.014500
0.471250
0.861300
-0.014500
0.252300
0.861300
0.014500
0.252300
0.861300
-0.014500
0.252300
0.127600
0.014500
0.252300
0.127600
-0.014500
