52
0.290000
-0.013050
0.014500
0.137750
0.651050
0.014500
0.000000
0.651050
0.014500
0.308850
0.256650
0.014500
0.569850
0.651050
0.014500
0.474150
0.651050
0.014500
0.522000
0.442250
0.014500
0.735150
0.256650
0.014500
1.042550
0.651050
0.014500
0.904800
0.651050
0.014500
0.755450
-0.013050
0.014500
0.330600
-0.013050
0.014500
0.714850
-0.013050
0.014500
0.137750
0.651050
-0.014500
0.290000
-0.013050
-0.014500
0.000000
0.651050
-0.014500
0.308850
0.256650
-0.014500
0.569850
0.651050
-0.014500
0.474150
0.651050
-0.014500
0.522000
0.442250
-0.014500
0.735150
0.256650
-0.014500
1.042550
0.651050
-0.014500
0.904800
0.651050
-0.014500
0.755450
-0.013050
-0.014500
0.330600
-0.013050
-0.014500
0.714850
-0.013050
-0.014500
0.904800
0.651050
0.014500
1.042550
0.651050
0.014500
1.042550
0.651050
-0.014500
0.904800
0.651050
-0.014500
0.755450
-0.013050
0.014500
0.755450
-0.013050
-0.014500
0.714850
-0.013050
0.014500
0.714850
-0.013050
-0.014500
0.522000
0.442250
0.014500
0.522000
0.442250
-0.014500
0.330600
-0.013050
0.014500
0.330600
-0.013050
-0.014500
0.290000
-0.013050
0.014500
0.290000
-0.013050
-0.014500
0.000000
0.651050
0.014500
0.000000
0.651050
-0.014500
0.137750
0.651050
0.014500
0.137750
0.651050
-0.014500
0.308850
0.256650
0.014500
0.308850
0.256650
-0.014500
0.474150
0.651050
0.014500
0.474150
0.651050
-0.014500
0.569850
0.651050
0.014500
0.569850
0.651050
-0.014500
0.735150
0.256650
0.014500
0.735150
0.256650
-0.014500
