3
104
0
1
2
0
3
1
4
3
0
4
5
3
6
7
8
6
9
7
10
5
4
10
11
5
10
12
11
13
12
10
13
14
12
14
15
12
15
16
12
16
17
12
17
18
12
19
20
13
20
21
13
21
14
13
19
22
20
19
23
22
6
19
9
6
24
19
24
23
19
6
25
24
6
26
25
27
28
29
30
28
27
30
31
28
32
31
30
33
34
35
36
34
33
32
37
31
38
37
32
39
37
38
39
40
37
41
40
39
42
41
39
43
42
39
44
43
39
45
44
39
46
47
40
48
46
40
41
48
40
49
47
46
50
47
49
47
34
36
51
34
47
50
51
47
52
34
51
53
34
52
54
55
56
54
56
57
55
58
59
55
59
56
58
60
61
58
61
59
60
62
63
60
63
61
62
64
65
62
65
63
64
66
67
64
67
65
66
68
69
66
69
67
68
70
71
68
71
69
70
72
73
70
73
71
72
74
75
72
75
73
74
76
77
74
77
75
76
78
79
76
79
77
78
80
81
78
81
79
80
82
83
80
83
81
82
84
85
82
85
83
84
86
87
84
87
85
86
88
89
86
89
87
88
90
91
88
91
89
90
92
93
90
93
91
92
94
95
92
95
93
94
96
97
94
97
95
96
98
99
96
99
97
98
100
101
98
101
99
100
102
103
100
103
101
102
104
105
102
105
103
104
106
107
104
107
105
106
54
57
106
57
107
