108
0.383774
0.658207
0.014500
0.451530
0.661130
0.014500
0.420500
0.664100
0.014500
0.482212
0.652175
0.014500
0.346631
0.639926
0.014500
0.512894
0.637165
0.014500
0.100050
0.000000
0.014500
0.229100
0.651050
0.014500
0.100050
0.651050
0.014500
0.229100
0.501700
0.014500
0.309001
0.608350
0.014500
0.543924
0.616030
0.014500
0.575650
0.588700
0.014500
0.270814
0.562577
0.014500
0.407601
0.537834
0.014500
0.431392
0.529250
0.014500
0.456994
0.515794
0.014500
0.482873
0.498162
0.014500
0.507500
0.477050
0.014500
0.232000
0.501700
0.014500
0.336748
0.530758
0.014500
0.387150
0.540850
0.014500
0.293306
0.502570
0.014500
0.259260
0.459418
0.014500
0.237046
0.404434
0.014500
0.229100
0.340750
0.014500
0.229100
0.000000
0.014500
0.451530
0.661130
-0.014500
0.383774
0.658207
-0.014500
0.420500
0.664100
-0.014500
0.482212
0.652175
-0.014500
0.346631
0.639926
-0.014500
0.512894
0.637165
-0.014500
0.229100
0.651050
-0.014500
0.100050
0.000000
-0.014500
0.100050
0.651050
-0.014500
0.229100
0.501700
-0.014500
0.309001
0.608350
-0.014500
0.543924
0.616030
-0.014500
0.575650
0.588700
-0.014500
0.270814
0.562577
-0.014500
0.407601
0.537834
-0.014500
0.431392
0.529250
-0.014500
0.456994
0.515794
-0.014500
0.482873
0.498162
-0.014500
0.507500
0.477050
-0.014500
0.336748
0.530758
-0.014500
0.232000
0.501700
-0.014500
0.387150
0.540850
-0.014500
0.293306
0.502570
-0.014500
0.259260
0.459418
-0.014500
0.237046
0.404434
-0.014500
0.229100
0.340750
-0.014500
0.229100
0.000000
-0.014500
0.229100
0.501700
0.014500
0.232000
0.501700
0.014500
0.232000
0.501700
-0.014500
0.229100
0.501700
-0.014500
0.270814
0.562577
0.014500
0.270814
0.562577
-0.014500
0.309001
0.608350
0.014500
0.309001
0.608350
-0.014500
0.346631
0.639926
0.014500
0.346631
0.639926
-0.014500
0.383774
0.658207
0.014500
0.383774
0.658207
-0.014500
0.420500
0.664100
0.014500
0.420500
0.664100
-0.014500
0.451530
0.661130
0.014500
0.451530
0.661130
-0.014500
0.482212
0.652175
0.014500
0.482212
0.652175
-0.014500
0.512894
0.637165
0.014500
0.512894
0.637165
-0.014500
0.543924
0.616030
0.014500
0.543924
0.616030
-0.014500
0.575650
0.588700
0.014500
0.575650
0.588700
-0.014500
0.507500
0.477050
0.014500
0.507500
0.477050
-0.014500
0.482873
0.498162
0.014500
0.482873
0.498162
-0.014500
0.456994
0.515794
0.014500
0.456994
0.515794
-0.014500
0.431392
0.529250
0.014500
0.431392
0.529250
-0.014500
0.407601
0.537834
0.014500
0.407601
0.537834
-0.014500
0.387150
0.540850
0.014500
0.387150
0.540850
-0.014500
0.336748
0.530758
0.014500
0.336748
0.530758
-0.014500
0.293306
0.502570
0.014500
0.293306
0.502570
-0.014500
0.259260
0.459418
0.014500
0.259260
0.459418
-0.014500
0.237046
0.404434
0.014500
0.237046
0.404434
-0.014500
0.229100
0.340750
0.014500
0.229100
0.340750
-0.014500
0.229100
0.000000
0.014500
0.229100
0.000000
-0.014500
0.100050
0.000000
0.014500
0.100050
0.000000
-0.014500
0.100050
0.651050
0.014500
0.100050
0.651050
-0.014500
0.229100
0.651050
0.014500
0.229100
0.651050
-0.014500
