3
112
0
1
2
0
3
1
4
5
6
7
5
4
7
8
5
9
8
7
10
8
9
10
11
8
12
11
10
12
13
11
13
14
11
14
15
11
0
12
3
0
16
12
16
17
12
17
18
12
18
19
12
19
20
12
20
13
12
21
15
14
22
15
21
23
15
22
23
24
15
0
25
16
26
24
23
27
24
26
27
28
24
29
30
31
32
30
29
33
34
35
33
36
34
37
36
33
37
38
36
37
39
38
40
39
37
40
41
39
42
41
40
43
42
40
44
43
40
41
30
32
45
30
41
46
45
41
47
46
41
48
47
41
49
48
41
42
49
41
44
50
43
44
51
50
44
52
51
53
52
44
54
30
45
53
55
52
53
56
55
57
56
53
58
59
60
58
60
61
59
62
63
59
63
60
62
64
65
62
65
63
64
66
67
64
67
65
66
68
69
66
69
67
68
70
71
68
71
69
70
72
73
70
73
71
72
74
75
72
75
73
74
76
77
74
77
75
76
78
79
76
79
77
78
80
81
78
81
79
80
82
83
80
83
81
82
84
85
82
85
83
84
86
87
84
87
85
86
88
89
86
89
87
88
90
91
88
91
89
90
92
93
90
93
91
92
94
95
92
95
93
94
96
97
94
97
95
96
98
99
96
99
97
98
100
101
98
101
99
100
102
103
100
103
101
102
104
105
102
105
103
104
106
107
104
107
105
106
108
109
106
109
107
108
110
111
108
111
109
110
112
113
110
113
111
112
114
115
112
115
113
114
58
61
114
61
115
