116
0.088450
0.000000
0.014500
0.217500
0.988900
0.014500
0.088450
0.988900
0.014500
0.217500
0.565500
0.014500
0.371386
0.659831
0.014500
0.486771
0.653625
0.014500
0.414700
0.664100
0.014500
0.329185
0.647350
0.014500
0.547914
0.622062
0.014500
0.289211
0.627142
0.014500
0.252578
0.599697
0.014500
0.595208
0.569200
0.014500
0.220400
0.565500
0.014500
0.379900
0.561150
0.014500
0.423238
0.553900
0.014500
0.625727
0.494833
0.014500
0.217500
0.466900
0.014500
0.252346
0.502872
0.014500
0.284687
0.529517
0.014500
0.315845
0.547601
0.014500
0.347142
0.557890
0.014500
0.458641
0.533078
0.014500
0.485135
0.500076
0.014500
0.501746
0.456286
0.014500
0.636550
0.398750
0.014500
0.217500
0.000000
0.014500
0.507500
0.403100
0.014500
0.507500
0.000000
0.014500
0.636550
0.000000
0.014500
0.217500
0.988900
-0.014500
0.088450
0.000000
-0.014500
0.088450
0.988900
-0.014500
0.217500
0.565500
-0.014500
0.486771
0.653625
-0.014500
0.371386
0.659831
-0.014500
0.414700
0.664100
-0.014500
0.329185
0.647350
-0.014500
0.547914
0.622062
-0.014500
0.289211
0.627142
-0.014500
0.252578
0.599697
-0.014500
0.595208
0.569200
-0.014500
0.220400
0.565500
-0.014500
0.379900
0.561150
-0.014500
0.423238
0.553900
-0.014500
0.625727
0.494833
-0.014500
0.217500
0.466900
-0.014500
0.252346
0.502872
-0.014500
0.284687
0.529517
-0.014500
0.315845
0.547601
-0.014500
0.347142
0.557890
-0.014500
0.458641
0.533078
-0.014500
0.485135
0.500076
-0.014500
0.501746
0.456286
-0.014500
0.636550
0.398750
-0.014500
0.217500
0.000000
-0.014500
0.507500
0.403100
-0.014500
0.507500
0.000000
-0.014500
0.636550
0.000000
-0.014500
0.220400
0.565500
0.014500
0.252578
0.599697
0.014500
0.252578
0.599697
-0.014500
0.220400
0.565500
-0.014500
0.289211
0.627142
0.014500
0.289211
0.627142
-0.014500
0.329185
0.647350
0.014500
0.329185
0.647350
-0.014500
0.371386
0.659831
0.014500
0.371386
0.659831
-0.014500
0.414700
0.664100
0.014500
0.414700
0.664100
-0.014500
0.486771
0.653625
0.014500
0.486771
0.653625
-0.014500
0.547914
0.622062
0.014500
0.547914
0.622062
-0.014500
0.595208
0.569200
0.014500
0.595208
0.569200
-0.014500
0.625727
0.494833
0.014500
0.625727
0.494833
-0.014500
0.636550
0.398750
0.014500
0.636550
0.398750
-0.014500
0.636550
0.000000
0.014500
0.636550
0.000000
-0.014500
0.507500
0.000000
0.014500
0.507500
0.000000
-0.014500
0.507500
0.403100
0.014500
0.507500
0.403100
-0.014500
0.501746
0.456286
0.014500
0.501746
0.456286
-0.014500
0.485135
0.500076
0.014500
0.485135
0.500076
-0.014500
0.458641
0.533078
0.014500
0.458641
0.533078
-0.014500
0.423238
0.553900
0.014500
0.423238
0.553900
-0.014500
0.379900
0.561150
0.014500
0.379900
0.561150
-0.014500
0.347142
0.557890
0.014500
0.347142
0.557890
-0.014500
0.315845
0.547601
0.014500
0.315845
0.547601
-0.014500
0.284687
0.529517
0.014500
0.284687
0.529517
-0.014500
0.252346
0.502872
0.014500
0.252346
0.502872
-0.014500
0.217500
0.466900
0.014500
0.217500
0.466900
-0.014500
0.217500
0.000000
0.014500
0.217500
0.000000
-0.014500
0.088450
0.000000
0.014500
0.088450
0.000000
-0.014500
0.088450
0.988900
0.014500
0.088450
0.988900
-0.014500
0.217500
0.988900
0.014500
0.217500
0.988900
-0.014500
0.217500
0.565500
0.014500
0.217500
0.565500
-0.014500
