228
-0.040451
0.000000
-0.054389
-0.047553
0.000000
-0.040451
-0.043933
0.018198
-0.040451
-0.037372
0.015480
-0.054389
-0.029389
0.000000
-0.065451
-0.027152
0.011247
-0.065451
-0.015451
0.000000
-0.072553
-0.014275
0.005913
-0.072553
-0.050000
0.000000
-0.025000
-0.046194
0.019134
-0.025000
-0.033625
0.033625
-0.040451
-0.028603
0.028603
-0.054389
-0.020781
0.020781
-0.065451
-0.010925
0.010925
-0.072553
-0.035355
0.035355
-0.025000
-0.018198
0.043933
-0.040451
-0.015480
0.037372
-0.054389
-0.011247
0.027152
-0.065451
-0.005913
0.014275
-0.072553
-0.019134
0.046194
-0.025000
0.000000
0.050000
-0.025000
0.000000
0.047553
-0.040451
0.000000
0.040451
-0.054389
0.000000
0.029389
-0.065451
0.000000
0.015451
-0.072553
0.000000
0.015451
-0.072553
0.000000
0.029389
-0.065451
0.011247
0.027152
-0.065451
0.005913
0.014275
-0.072553
0.000000
0.047553
-0.040451
0.000000
0.050000
-0.025000
0.019134
0.046194
-0.025000
0.018198
0.043933
-0.040451
0.000000
0.040451
-0.054389
0.015480
0.037372
-0.054389
0.028603
0.028603
-0.054389
0.020781
0.020781
-0.065451
0.010925
0.010925
-0.072553
0.035355
0.035355
-0.025000
0.033625
0.033625
-0.040451
0.037372
0.015480
-0.054389
0.027152
0.011247
-0.065451
0.014275
0.005913
-0.072553
0.046194
0.019134
-0.025000
0.043933
0.018198
-0.040451
0.047553
0.000000
-0.040451
0.040451
0.000000
-0.054389
0.029389
0.000000
-0.065451
0.015451
0.000000
-0.072553
0.050000
0.000000
-0.025000
0.040451
0.000000
-0.054389
0.047553
0.000000
-0.040451
0.043933
-0.018198
-0.040451
0.037372
-0.015480
-0.054389
0.029389
0.000000
-0.065451
0.027152
-0.011247
-0.065451
0.015451
0.000000
-0.072553
0.014275
-0.005913
-0.072553
0.050000
0.000000
-0.025000
0.046194
-0.019134
-0.025000
0.020781
-0.020781
-0.065451
0.010925
-0.010925
-0.072553
0.035355
-0.035355
-0.025000
0.033625
-0.033625
-0.040451
0.028603
-0.028603
-0.054389
0.011247
-0.027152
-0.065451
0.005913
-0.014275
-0.072553
0.019134
-0.046194
-0.025000
0.018198
-0.043933
-0.040451
0.015480
-0.037372
-0.054389
0.000000
-0.040451
-0.054389
0.000000
-0.029389
-0.065451
0.000000
-0.015451
-0.072553
0.000000
-0.050000
-0.025000
0.000000
-0.047553
-0.040451
0.000000
-0.029389
-0.065451
0.000000
-0.040451
-0.054389
-0.015480
-0.037372
-0.054389
-0.011247
-0.027152
-0.065451
0.000000
-0.015451
-0.072553
-0.005913
-0.014275
-0.072553
0.000000
-0.047553
-0.040451
0.000000
-0.050000
-0.025000
-0.019134
-0.046194
-0.025000
-0.018198
-0.043933
-0.040451
-0.033625
-0.033625
-0.040451
-0.028603
-0.028603
-0.054389
-0.020781
-0.020781
-0.065451
-0.010925
-0.010925
-0.072553
-0.035355
-0.035355
-0.025000
-0.046194
-0.019134
-0.025000
-0.043933
-0.018198
-0.040451
-0.037372
-0.015480
-0.054389
-0.027152
-0.011247
-0.065451
-0.014275
-0.005913
-0.072553
0.000000
0.000000
-0.075000
0.000000
0.000000
-0.075000
0.035355
-0.035355
0.025016
0.019134
-0.046194
0.025016
-0.019134
-0.046194
0.025016
-0.035355
-0.035355
0.025016
-0.050000
0.000000
0.025016
-0.046194
0.019134
0.025016
-0.019134
0.046194
0.025016
0.000000
0.050000
0.025016
0.000000
0.000000
-0.075000
-0.035355
0.035355
0.025016
0.035355
0.035355
0.025016
0.046194
0.019134
0.025016
0.000000
-0.050000
0.025016
0.050000
0.000000
0.025016
0.046194
-0.019134
0.025016
-0.050000
0.000000
-0.025000
-0.046194
-0.019134
0.025016
-0.050000
0.000000
0.025016
0.000000
0.000000
-0.075000
0.019134
0.046194
0.025016
0.000000
0.050000
0.025016
-0.029389
0.000000
-0.065451
-0.015451
0.000000
-0.072553
-0.047553
0.000000
-0.040451
0.000000
-0.050000
0.025016
-0.040451
0.000000
-0.054389
0.050000
0.000000
0.025016
-0.047553
-0.000000
0.040467
-0.040451
-0.000000
0.054405
-0.037372
0.015480
0.054405
-0.043933
0.018198
0.040467
-0.050000
0.000000
0.025016
-0.046194
0.019134
0.025016
-0.029389
-0.000000
0.065467
-0.015451
-0.000000
0.072569
-0.014275
0.005913
0.072569
-0.027152
0.011247
0.065467
-0.028603
0.028603
0.054405
-0.033625
0.033625
0.040467
-0.035355
0.035355
0.025016
-0.010925
0.010925
0.072569
-0.020781
0.020781
0.065467
-0.011247
0.027152
0.065467
-0.015480
0.037372
0.054405
-0.018198
0.043933
0.040467
-0.019134
0.046194
0.025016
-0.005913
0.014275
0.072569
0.000000
0.029389
0.065467
0.000000
0.040451
0.054405
0.000000
0.047553
0.040467
0.000000
0.050000
0.025016
0.000000
0.015451
0.072569
0.000000
0.029389
0.065467
0.000000
0.015451
0.072569
0.005913
0.014275
0.072569
0.011247
0.027152
0.065467
0.000000
0.040451
0.054405
0.015480
0.037372
0.054405
0.000000
0.047553
0.040467
0.018198
0.043933
0.040467
0.000000
0.050000
0.025016
0.019134
0.046194
0.025016
0.033625
0.033625
0.040467
0.035355
0.035355
0.025016
0.010925
0.010925
0.072569
0.020781
0.020781
0.065467
0.028603
0.028603
0.054405
0.037372
0.015480
0.054405
0.043933
0.018198
0.040467
0.046194
0.019134
0.025016
0.014275
0.005913
0.072569
0.027152
0.011247
0.065467
0.040451
-0.000000
0.054405
0.047553
-0.000000
0.040467
0.050000
0.000000
0.025016
0.015451
-0.000000
0.072569
0.029389
-0.000000
0.065467
0.040451
-0.000000
0.054405
0.029389
-0.000000
0.065467
0.027152
-0.011247
0.065467
0.037372
-0.015480
0.054405
0.047553
-0.000000
0.040467
0.043933
-0.018198
0.040467
0.050000
0.000000
0.025016
0.046194
-0.019134
0.025016
0.015451
-0.000000
0.072569
0.014275
-0.005913
0.072569
0.020781
-0.020781
0.065467
0.028603
-0.028603
0.054405
0.033625
-0.033625
0.040467
0.035355
-0.035355
0.025016
0.010925
-0.010925
0.072569
0.018198
-0.043933
0.040467
0.019134
-0.046194
0.025016
0.005913
-0.014275
0.072569
0.011247
-0.027152
0.065467
0.015480
-0.037372
0.054405
0.000000
-0.047553
0.040467
0.000000
-0.050000
0.025016
0.000000
-0.015451
0.072569
0.000000
-0.029389
0.065467
0.000000
-0.040451
0.054405
0.000000
-0.047553
0.040467
0.000000
-0.040451
0.054405
-0.015480
-0.037372
0.054405
-0.018198
-0.043933
0.040467
0.000000
-0.050000
0.025016
-0.019134
-0.046194
0.025016
0.000000
-0.029389
0.065467
0.000000
-0.015451
0.072569
-0.005913
-0.014275
0.072569
-0.011247
-0.027152
0.065467
-0.028603
-0.028603
0.054405
-0.033625
-0.033625
0.040467
-0.035355
-0.035355
0.025016
-0.010925
-0.010925
0.072569
-0.020781
-0.020781
0.065467
-0.027152
-0.011247
0.065467
-0.037372
-0.015480
0.054405
-0.043933
-0.018198
0.040467
-0.046194
-0.019134
0.025016
-0.014275
-0.005913
0.072569
0.000000
-0.000000
0.075016
0.000000
-0.000000
0.075016
0.000000
-0.000000
0.075016
0.000000
-0.000000
0.075016
-0.015451
-0.000000
0.072569
-0.029389
-0.000000
0.065467
-0.040451
-0.000000
0.054405
-0.047553
-0.000000
0.040467
-0.050000
0.000000
0.025016
