28
0.037700
0.421950
0.014500
0.391500
0.988900
0.014500
0.288550
0.988900
0.014500
0.339300
0.845350
0.014500
0.642350
0.421950
0.014500
0.168200
0.421950
0.014500
0.513300
0.421950
0.014500
0.391500
0.988900
-0.014500
0.037700
0.421950
-0.014500
0.288550
0.988900
-0.014500
0.339300
0.845350
-0.014500
0.642350
0.421950
-0.014500
0.168200
0.421950
-0.014500
0.513300
0.421950
-0.014500
0.288550
0.988900
0.014500
0.391500
0.988900
0.014500
0.391500
0.988900
-0.014500
0.288550
0.988900
-0.014500
0.642350
0.421950
0.014500
0.642350
0.421950
-0.014500
0.513300
0.421950
0.014500
0.513300
0.421950
-0.014500
0.339300
0.845350
0.014500
0.339300
0.845350
-0.014500
0.168200
0.421950
0.014500
0.168200
0.421950
-0.014500
0.037700
0.421950
0.014500
0.037700
0.421950
-0.014500
