204
0.118900
0.862750
0.014500
0.277031
0.989410
0.014500
0.187050
1.001950
0.014500
0.343140
0.954877
0.014500
0.139896
0.867065
0.014500
0.152308
0.869223
0.014500
0.387602
0.905589
0.014500
0.166460
0.870824
0.014500
0.182700
0.871450
0.014500
0.412647
0.848784
0.014500
0.214925
0.866914
0.014500
0.128876
0.864769
0.014500
0.241442
0.853957
0.014500
0.261418
0.833553
0.014500
0.420500
0.791700
0.014500
0.274015
0.806676
0.014500
0.278400
0.774300
0.014500
0.395780
0.666571
0.014500
0.261510
0.698123
0.014500
0.221235
0.625286
0.014500
0.337583
0.551395
0.014500
0.173165
0.551824
0.014500
0.132890
0.473767
0.014500
0.269851
0.444988
0.014500
0.116000
0.387150
0.014500
0.216526
0.346167
0.014500
0.119051
0.351144
0.014500
0.128574
0.320775
0.014500
0.201550
0.253750
0.014500
0.145128
0.295069
0.014500
0.169267
0.273052
0.014500
0.195878
0.156496
0.014500
0.250722
0.156496
0.014500
0.223300
0.160950
0.014500
0.172005
0.144107
0.014500
0.274595
0.144107
0.014500
0.153143
0.125245
0.014500
0.293457
0.125245
0.014500
0.140754
0.101372
0.014500
0.305846
0.101372
0.014500
0.136300
0.073950
0.014500
0.310300
0.073950
0.014500
0.140754
0.046528
0.014500
0.305846
0.046528
0.014500
0.153143
0.022655
0.014500
0.293457
0.022655
0.014500
0.172005
0.003793
0.014500
0.274595
0.003793
0.014500
0.195878
-0.008596
0.014500
0.250722
-0.008596
0.014500
0.223300
-0.013050
0.014500
0.277031
0.989410
-0.014500
0.118900
0.862750
-0.014500
0.187050
1.001950
-0.014500
0.343140
0.954877
-0.014500
0.139896
0.867065
-0.014500
0.152308
0.869223
-0.014500
0.387602
0.905589
-0.014500
0.166460
0.870824
-0.014500
0.182700
0.871450
-0.014500
0.412647
0.848784
-0.014500
0.214925
0.866914
-0.014500
0.128876
0.864769
-0.014500
0.241442
0.853957
-0.014500
0.261418
0.833553
-0.014500
0.420500
0.791700
-0.014500
0.274015
0.806676
-0.014500
0.278400
0.774300
-0.014500
0.395780
0.666571
-0.014500
0.261510
0.698123
-0.014500
0.221235
0.625286
-0.014500
0.337583
0.551395
-0.014500
0.173165
0.551824
-0.014500
0.132890
0.473767
-0.014500
0.269851
0.444988
-0.014500
0.116000
0.387150
-0.014500
0.216526
0.346167
-0.014500
0.119051
0.351144
-0.014500
0.128574
0.320775
-0.014500
0.201550
0.253750
-0.014500
0.145128
0.295069
-0.014500
0.169267
0.273052
-0.014500
0.250722
0.156496
-0.014500
0.195878
0.156496
-0.014500
0.223300
0.160950
-0.014500
0.172005
0.144107
-0.014500
0.274595
0.144107
-0.014500
0.153143
0.125245
-0.014500
0.293457
0.125245
-0.014500
0.140754
0.101372
-0.014500
0.305846
0.101372
-0.014500
0.136300
0.073950
-0.014500
0.310300
0.073950
-0.014500
0.140754
0.046528
-0.014500
0.305846
0.046528
-0.014500
0.153143
0.022655
-0.014500
0.293457
0.022655
-0.014500
0.172005
0.003793
-0.014500
0.274595
0.003793
-0.014500
0.195878
-0.008596
-0.014500
0.250722
-0.008596
-0.014500
0.223300
-0.013050
-0.014500
0.277031
0.989410
0.014500
0.343140
0.954877
0.014500
0.343140
0.954877
-0.014500
0.277031
0.989410
-0.014500
0.387602
0.905589
0.014500
0.387602
0.905589
-0.014500
0.412647
0.848784
0.014500
0.412647
0.848784
-0.014500
0.420500
0.791700
0.014500
0.420500
0.791700
-0.014500
0.395780
0.666571
0.014500
0.395780
0.666571
-0.014500
0.337583
0.551395
0.014500
0.337583
0.551395
-0.014500
0.269851
0.444988
0.014500
0.269851
0.444988
-0.014500
0.216526
0.346167
0.014500
0.216526
0.346167
-0.014500
0.201550
0.253750
0.014500
0.201550
0.253750
-0.014500
0.169267
0.273052
0.014500
0.169267
0.273052
-0.014500
0.145128
0.295069
0.014500
0.145128
0.295069
-0.014500
0.128574
0.320775
0.014500
0.128574
0.320775
-0.014500
0.119051
0.351144
0.014500
0.119051
0.351144
-0.014500
0.116000
0.387150
0.014500
0.116000
0.387150
-0.014500
0.132890
0.473767
0.014500
0.132890
0.473767
-0.014500
0.173165
0.551824
0.014500
0.173165
0.551824
-0.014500
0.221235
0.625286
0.014500
0.221235
0.625286
-0.014500
0.261510
0.698123
0.014500
0.261510
0.698123
-0.014500
0.278400
0.774300
0.014500
0.278400
0.774300
-0.014500
0.274015
0.806676
0.014500
0.274015
0.806676
-0.014500
0.261418
0.833553
0.014500
0.261418
0.833553
-0.014500
0.241442
0.853957
0.014500
0.241442
0.853957
-0.014500
0.214925
0.866914
0.014500
0.214925
0.866914
-0.014500
0.182700
0.871450
0.014500
0.182700
0.871450
-0.014500
0.166460
0.870824
0.014500
0.166460
0.870824
-0.014500
0.152308
0.869223
0.014500
0.152308
0.869223
-0.014500
0.139896
0.867065
0.014500
0.139896
0.867065
-0.014500
0.128876
0.864769
0.014500
0.128876
0.864769
-0.014500
0.118900
0.862750
0.014500
0.118900
0.862750
-0.014500
0.187050
1.001950
0.014500
0.187050
1.001950
-0.014500
0.305846
0.046528
0.014500
0.293457
0.022655
0.014500
0.293457
0.022655
-0.014500
0.305846
0.046528
-0.014500
0.274595
0.003793
0.014500
0.274595
0.003793
-0.014500
0.250722
-0.008596
0.014500
0.250722
-0.008596
-0.014500
0.223300
-0.013050
0.014500
0.223300
-0.013050
-0.014500
0.195878
-0.008596
0.014500
0.195878
-0.008596
-0.014500
0.172005
0.003793
0.014500
0.172005
0.003793
-0.014500
0.153143
0.022655
0.014500
0.153143
0.022655
-0.014500
0.140754
0.046528
0.014500
0.140754
0.046528
-0.014500
0.136300
0.073950
0.014500
0.136300
0.073950
-0.014500
0.140754
0.101372
0.014500
0.140754
0.101372
-0.014500
0.153143
0.125245
0.014500
0.153143
0.125245
-0.014500
0.172005
0.144107
0.014500
0.172005
0.144107
-0.014500
0.195878
0.156496
0.014500
0.195878
0.156496
-0.014500
0.223300
0.160950
0.014500
0.223300
0.160950
-0.014500
0.250722
0.156496
0.014500
0.250722
0.156496
-0.014500
0.274595
0.144107
0.014500
0.274595
0.144107
-0.014500
0.293457
0.125245
0.014500
0.293457
0.125245
-0.014500
0.305846
0.101372
0.014500
0.305846
0.101372
-0.014500
0.310300
0.073950
0.014500
0.310300
0.073950
-0.014500
