3
216
0
1
2
3
1
0
3
4
1
5
6
3
6
4
3
6
7
4
7
8
4
5
9
6
10
8
7
5
11
9
12
11
5
13
8
10
13
14
8
12
15
11
16
14
13
12
17
15
18
17
12
16
19
14
20
19
16
18
21
17
22
21
18
22
23
21
20
24
19
25
24
20
22
26
23
27
24
25
27
28
24
29
26
22
29
30
26
31
28
27
31
32
28
33
30
29
33
34
30
35
32
31
33
36
34
36
32
35
36
37
32
38
36
33
38
37
36
38
39
37
39
40
37
41
39
38
41
42
39
43
42
41
43
44
42
43
45
44
46
45
43
46
47
45
48
49
50
48
51
49
46
48
47
46
51
48
52
51
46
53
51
52
54
55
56
54
57
55
58
57
54
59
60
57
58
59
57
61
59
58
62
61
58
63
60
59
62
64
61
65
60
63
65
66
60
62
67
64
68
67
62
69
66
65
68
70
67
71
66
69
71
72
66
73
70
68
73
74
70
75
72
71
75
76
72
77
76
75
78
74
73
78
79
74
80
76
77
78
81
79
82
81
78
80
83
76
84
83
80
82
85
81
86
85
82
84
87
83
88
87
84
86
89
85
90
87
88
86
90
89
91
90
86
90
92
87
91
92
90
93
92
91
94
93
91
93
95
92
96
95
93
96
97
95
98
97
96
99
97
98
99
100
97
101
100
99
102
103
104
105
103
102
103
100
101
105
100
103
105
106
100
105
107
106
108
109
110
108
110
111
109
112
113
109
113
110
112
114
115
112
115
113
114
116
117
114
117
115
116
118
119
116
119
117
118
120
121
118
121
119
120
122
123
120
123
121
122
124
125
122
125
123
124
126
127
124
127
125
126
128
129
126
129
127
128
130
131
128
131
129
130
132
133
130
133
131
132
134
135
132
135
133
134
136
137
134
137
135
136
138
139
136
139
137
138
140
141
138
141
139
140
142
143
140
143
141
142
144
145
142
145
143
144
146
147
144
147
145
146
148
149
146
149
147
148
150
151
148
151
149
150
152
153
150
153
151
152
154
155
152
155
153
154
156
157
154
157
155
156
158
159
156
159
157
158
160
161
158
161
159
160
162
163
160
163
161
162
164
165
162
165
163
164
166
167
164
167
165
166
168
169
166
169
167
168
170
171
168
171
169
170
172
173
170
173
171
172
174
175
172
175
173
174
108
111
174
111
175
176
177
178
176
178
179
177
180
181
177
181
178
180
182
183
180
183
181
182
184
185
182
185
183
184
186
187
184
187
185
186
188
189
186
189
187
188
190
191
188
191
189
190
192
193
190
193
191
192
194
195
192
195
193
194
196
197
194
197
195
196
198
199
196
199
197
198
200
201
198
201
199
200
202
203
200
203
201
202
204
205
202
205
203
204
206
207
204
207
205
206
208
209
206
209
207
208
210
211
208
211
209
210
212
213
210
213
211
212
214
215
212
215
213
214
176
179
214
179
215
