216
0.430696
0.977845
0.014500
0.778174
0.976708
0.014500
0.610450
1.001950
0.014500
0.280105
0.909336
0.014500
0.921469
0.905809
0.014500
0.164871
0.802129
0.014500
0.604650
0.871450
0.014500
0.728236
0.852530
0.014500
1.032957
0.796491
0.014500
0.450196
0.846429
0.014500
0.832961
0.799437
0.014500
0.338546
0.781249
0.014500
0.091188
0.661931
0.014500
0.913883
0.717669
0.014500
1.105260
0.655992
0.014500
0.264828
0.690734
0.014500
0.966060
0.612724
0.014500
0.224170
0.589709
0.014500
0.065250
0.494450
0.014500
1.131000
0.491550
0.014500
0.984550
0.490100
0.014500
0.211700
0.493000
0.014500
0.084854
0.352826
0.014500
0.227534
0.377104
0.014500
1.111141
0.353011
0.014500
0.966500
0.373949
0.014500
0.275036
0.274363
0.014500
0.915321
0.271858
0.014500
1.054951
0.228532
0.014500
0.140650
0.227279
0.014500
0.354206
0.192015
0.014500
0.835467
0.190576
0.014500
0.967510
0.124166
0.014500
0.228114
0.123099
0.014500
0.465044
0.137298
0.014500
0.731392
0.136857
0.014500
0.607550
0.117450
0.014500
0.853899
0.045971
0.014500
0.342722
0.045576
0.014500
0.719200
0.001450
0.014500
0.719200
0.000000
0.014500
0.479950
0.000000
0.014500
0.719200
-0.001450
0.014500
0.564990
-0.058545
0.014500
0.815144
-0.039730
0.014500
0.896541
-0.065830
0.014500
0.655319
-0.110618
0.014500
0.966941
-0.079750
0.014500
1.029894
-0.081490
0.014500
1.093300
-0.075400
0.014500
1.088950
-0.071050
0.014500
0.965700
-0.201550
0.014500
0.751703
-0.153572
0.014500
0.854908
-0.184765
0.014500
0.778174
0.976708
-0.014500
0.430696
0.977845
-0.014500
0.610450
1.001950
-0.014500
0.280105
0.909336
-0.014500
0.921469
0.905809
-0.014500
0.604650
0.871450
-0.014500
0.164871
0.802129
-0.014500
0.728236
0.852530
-0.014500
1.032957
0.796491
-0.014500
0.450196
0.846429
-0.014500
0.832961
0.799437
-0.014500
0.338546
0.781249
-0.014500
0.091188
0.661931
-0.014500
0.913883
0.717669
-0.014500
1.105260
0.655992
-0.014500
0.264828
0.690734
-0.014500
0.966060
0.612724
-0.014500
0.224170
0.589709
-0.014500
0.065250
0.494450
-0.014500
1.131000
0.491550
-0.014500
0.984550
0.490100
-0.014500
0.211700
0.493000
-0.014500
0.084854
0.352826
-0.014500
0.227534
0.377104
-0.014500
1.111141
0.353011
-0.014500
0.966500
0.373949
-0.014500
0.275036
0.274363
-0.014500
0.915321
0.271858
-0.014500
1.054951
0.228532
-0.014500
0.140650
0.227279
-0.014500
0.354206
0.192015
-0.014500
0.835467
0.190576
-0.014500
0.967510
0.124166
-0.014500
0.228114
0.123099
-0.014500
0.465044
0.137298
-0.014500
0.731392
0.136857
-0.014500
0.607550
0.117450
-0.014500
0.853899
0.045971
-0.014500
0.342722
0.045576
-0.014500
0.719200
0.001450
-0.014500
0.719200
0.000000
-0.014500
0.479950
0.000000
-0.014500
0.719200
-0.001450
-0.014500
0.564990
-0.058545
-0.014500
0.815144
-0.039730
-0.014500
0.896541
-0.065830
-0.014500
0.655319
-0.110618
-0.014500
0.966941
-0.079750
-0.014500
1.093300
-0.075400
-0.014500
1.029894
-0.081490
-0.014500
1.088950
-0.071050
-0.014500
0.965700
-0.201550
-0.014500
0.751703
-0.153572
-0.014500
0.854908
-0.184765
-0.014500
0.719200
-0.001450
0.014500
0.815144
-0.039730
0.014500
0.815144
-0.039730
-0.014500
0.719200
-0.001450
-0.014500
0.896541
-0.065830
0.014500
0.896541
-0.065830
-0.014500
0.966941
-0.079750
0.014500
0.966941
-0.079750
-0.014500
1.029894
-0.081490
0.014500
1.029894
-0.081490
-0.014500
1.088950
-0.071050
0.014500
1.088950
-0.071050
-0.014500
1.093300
-0.075400
0.014500
1.093300
-0.075400
-0.014500
0.965700
-0.201550
0.014500
0.965700
-0.201550
-0.014500
0.854908
-0.184765
0.014500
0.854908
-0.184765
-0.014500
0.751703
-0.153572
0.014500
0.751703
-0.153572
-0.014500
0.655319
-0.110618
0.014500
0.655319
-0.110618
-0.014500
0.564990
-0.058545
0.014500
0.564990
-0.058545
-0.014500
0.479950
0.000000
0.014500
0.479950
0.000000
-0.014500
0.342722
0.045576
0.014500
0.342722
0.045576
-0.014500
0.228114
0.123099
0.014500
0.228114
0.123099
-0.014500
0.140650
0.227279
0.014500
0.140650
0.227279
-0.014500
0.084854
0.352826
0.014500
0.084854
0.352826
-0.014500
0.065250
0.494450
0.014500
0.065250
0.494450
-0.014500
0.091188
0.661931
0.014500
0.091188
0.661931
-0.014500
0.164871
0.802129
0.014500
0.164871
0.802129
-0.014500
0.280105
0.909336
0.014500
0.280105
0.909336
-0.014500
0.430696
0.977845
0.014500
0.430696
0.977845
-0.014500
0.610450
1.001950
0.014500
0.610450
1.001950
-0.014500
0.778174
0.976708
0.014500
0.778174
0.976708
-0.014500
0.921469
0.905809
0.014500
0.921469
0.905809
-0.014500
1.032957
0.796491
0.014500
1.032957
0.796491
-0.014500
1.105260
0.655992
0.014500
1.105260
0.655992
-0.014500
1.131000
0.491550
0.014500
1.131000
0.491550
-0.014500
1.111141
0.353011
0.014500
1.111141
0.353011
-0.014500
1.054951
0.228532
0.014500
1.054951
0.228532
-0.014500
0.967510
0.124166
0.014500
0.967510
0.124166
-0.014500
0.853899
0.045971
0.014500
0.853899
0.045971
-0.014500
0.719200
0.000000
0.014500
0.719200
0.000000
-0.014500
0.719200
0.001450
0.014500
0.719200
0.001450
-0.014500
0.227534
0.377104
0.014500
0.275036
0.274363
0.014500
0.275036
0.274363
-0.014500
0.227534
0.377104
-0.014500
0.354206
0.192015
0.014500
0.354206
0.192015
-0.014500
0.465044
0.137298
0.014500
0.465044
0.137298
-0.014500
0.607550
0.117450
0.014500
0.607550
0.117450
-0.014500
0.731392
0.136857
0.014500
0.731392
0.136857
-0.014500
0.835467
0.190576
0.014500
0.835467
0.190576
-0.014500
0.915321
0.271858
0.014500
0.915321
0.271858
-0.014500
0.966500
0.373949
0.014500
0.966500
0.373949
-0.014500
0.984550
0.490100
0.014500
0.984550
0.490100
-0.014500
0.966060
0.612724
0.014500
0.966060
0.612724
-0.014500
0.913883
0.717669
0.014500
0.913883
0.717669
-0.014500
0.832961
0.799437
0.014500
0.832961
0.799437
-0.014500
0.728236
0.852530
0.014500
0.728236
0.852530
-0.014500
0.604650
0.871450
0.014500
0.604650
0.871450
-0.014500
0.450196
0.846429
0.014500
0.450196
0.846429
-0.014500
0.338546
0.781249
0.014500
0.338546
0.781249
-0.014500
0.264828
0.690734
0.014500
0.264828
0.690734
-0.014500
0.224170
0.589709
0.014500
0.224170
0.589709
-0.014500
0.211700
0.493000
0.014500
0.211700
0.493000
-0.014500
