24
0.072500
0.868550
0.014500
0.200100
1.038200
0.014500
0.072500
1.038200
0.014500
0.200100
0.868550
0.014500
0.105850
0.669900
0.014500
0.166750
0.669900
0.014500
0.200100
1.038200
-0.014500
0.072500
0.868550
-0.014500
0.072500
1.038200
-0.014500
0.200100
0.868550
-0.014500
0.105850
0.669900
-0.014500
0.166750
0.669900
-0.014500
0.072500
1.038200
0.014500
0.200100
1.038200
0.014500
0.200100
1.038200
-0.014500
0.072500
1.038200
-0.014500
0.200100
0.868550
0.014500
0.200100
0.868550
-0.014500
0.166750
0.669900
0.014500
0.166750
0.669900
-0.014500
0.105850
0.669900
0.014500
0.105850
0.669900
-0.014500
0.072500
0.868550
0.014500
0.072500
0.868550
-0.014500
