204
0.311959
1.044905
0.014500
0.449500
1.055600
0.014500
0.392950
1.055600
0.014500
0.449500
0.945400
0.014500
0.253448
1.013191
0.014500
0.214844
0.961014
0.014500
0.193569
0.888931
0.014500
0.376107
0.941723
0.014500
0.427750
0.945400
0.014500
0.341028
0.928510
0.014500
0.319592
0.902492
0.014500
0.308873
0.860395
0.014500
0.187050
0.797500
0.014500
0.305950
0.798950
0.014500
0.305950
0.694550
0.014500
0.187050
0.669900
0.014500
0.301008
0.590660
0.014500
0.183234
0.588526
0.014500
0.285209
0.511061
0.014500
0.169743
0.522812
0.014500
0.143515
0.474150
0.014500
0.257091
0.451507
0.014500
0.101488
0.443932
0.014500
0.215192
0.407752
0.014500
0.040600
0.433550
0.014500
0.040600
0.317550
0.014500
0.158050
0.375550
0.014500
0.215192
0.343348
0.014500
0.257091
0.299593
0.014500
0.101488
0.307168
0.014500
0.143515
0.276950
0.014500
0.285209
0.240039
0.014500
0.169743
0.228288
0.014500
0.301008
0.160440
0.014500
0.183234
0.162574
0.014500
0.187050
0.081200
0.014500
0.305950
0.056550
0.014500
0.187050
-0.046400
0.014500
0.305950
-0.047850
0.014500
0.193569
-0.137831
0.014500
0.308873
-0.109295
0.014500
0.319592
-0.151392
0.014500
0.214844
-0.209914
0.014500
0.341028
-0.177410
0.014500
0.376107
-0.190623
0.014500
0.427750
-0.194300
0.014500
0.449500
-0.194300
0.014500
0.449500
-0.304500
0.014500
0.253448
-0.262090
0.014500
0.311959
-0.293805
0.014500
0.392950
-0.304500
0.014500
0.449500
1.055600
-0.014500
0.311959
1.044905
-0.014500
0.392950
1.055600
-0.014500
0.449500
0.945400
-0.014500
0.253448
1.013191
-0.014500
0.214844
0.961014
-0.014500
0.376107
0.941723
-0.014500
0.193569
0.888931
-0.014500
0.427750
0.945400
-0.014500
0.341028
0.928510
-0.014500
0.319592
0.902492
-0.014500
0.308873
0.860395
-0.014500
0.187050
0.797500
-0.014500
0.305950
0.798950
-0.014500
0.305950
0.694550
-0.014500
0.187050
0.669900
-0.014500
0.301008
0.590660
-0.014500
0.183234
0.588526
-0.014500
0.285209
0.511061
-0.014500
0.169743
0.522812
-0.014500
0.143515
0.474150
-0.014500
0.257091
0.451507
-0.014500
0.101488
0.443932
-0.014500
0.215192
0.407752
-0.014500
0.040600
0.433550
-0.014500
0.040600
0.317550
-0.014500
0.158050
0.375550
-0.014500
0.215192
0.343348
-0.014500
0.257091
0.299593
-0.014500
0.101488
0.307168
-0.014500
0.143515
0.276950
-0.014500
0.285209
0.240039
-0.014500
0.169743
0.228288
-0.014500
0.301008
0.160440
-0.014500
0.183234
0.162574
-0.014500
0.187050
0.081200
-0.014500
0.305950
0.056550
-0.014500
0.187050
-0.046400
-0.014500
0.305950
-0.047850
-0.014500
0.193569
-0.137831
-0.014500
0.308873
-0.109295
-0.014500
0.319592
-0.151392
-0.014500
0.214844
-0.209914
-0.014500
0.341028
-0.177410
-0.014500
0.376107
-0.190623
-0.014500
0.427750
-0.194300
-0.014500
0.449500
-0.194300
-0.014500
0.449500
-0.304500
-0.014500
0.253448
-0.262090
-0.014500
0.311959
-0.293805
-0.014500
0.392950
-0.304500
-0.014500
0.101488
0.443932
0.014500
0.143515
0.474150
0.014500
0.143515
0.474150
-0.014500
0.101488
0.443932
-0.014500
0.169743
0.522812
0.014500
0.169743
0.522812
-0.014500
0.183234
0.588526
0.014500
0.183234
0.588526
-0.014500
0.187050
0.669900
0.014500
0.187050
0.669900
-0.014500
0.187050
0.797500
0.014500
0.187050
0.797500
-0.014500
0.193569
0.888931
0.014500
0.193569
0.888931
-0.014500
0.214844
0.961014
0.014500
0.214844
0.961014
-0.014500
0.253448
1.013191
0.014500
0.253448
1.013191
-0.014500
0.311959
1.044905
0.014500
0.311959
1.044905
-0.014500
0.392950
1.055600
0.014500
0.392950
1.055600
-0.014500
0.449500
1.055600
0.014500
0.449500
1.055600
-0.014500
0.449500
0.945400
0.014500
0.449500
0.945400
-0.014500
0.427750
0.945400
0.014500
0.427750
0.945400
-0.014500
0.376107
0.941723
0.014500
0.376107
0.941723
-0.014500
0.341028
0.928510
0.014500
0.341028
0.928510
-0.014500
0.319592
0.902492
0.014500
0.319592
0.902492
-0.014500
0.308873
0.860395
0.014500
0.308873
0.860395
-0.014500
0.305950
0.798950
0.014500
0.305950
0.798950
-0.014500
0.305950
0.694550
0.014500
0.305950
0.694550
-0.014500
0.301008
0.590660
0.014500
0.301008
0.590660
-0.014500
0.285209
0.511061
0.014500
0.285209
0.511061
-0.014500
0.257091
0.451507
0.014500
0.257091
0.451507
-0.014500
0.215192
0.407752
0.014500
0.215192
0.407752
-0.014500
0.158050
0.375550
0.014500
0.158050
0.375550
-0.014500
0.215192
0.343348
0.014500
0.215192
0.343348
-0.014500
0.257091
0.299593
0.014500
0.257091
0.299593
-0.014500
0.285209
0.240039
0.014500
0.285209
0.240039
-0.014500
0.301008
0.160440
0.014500
0.301008
0.160440
-0.014500
0.305950
0.056550
0.014500
0.305950
0.056550
-0.014500
0.305950
-0.047850
0.014500
0.305950
-0.047850
-0.014500
0.308873
-0.109295
0.014500
0.308873
-0.109295
-0.014500
0.319592
-0.151392
0.014500
0.319592
-0.151392
-0.014500
0.341028
-0.177410
0.014500
0.341028
-0.177410
-0.014500
0.376107
-0.190623
0.014500
0.376107
-0.190623
-0.014500
0.427750
-0.194300
0.014500
0.427750
-0.194300
-0.014500
0.449500
-0.194300
0.014500
0.449500
-0.194300
-0.014500
0.449500
-0.304500
0.014500
0.449500
-0.304500
-0.014500
0.392950
-0.304500
0.014500
0.392950
-0.304500
-0.014500
0.311959
-0.293805
0.014500
0.311959
-0.293805
-0.014500
0.253448
-0.262090
0.014500
0.253448
-0.262090
-0.014500
0.214844
-0.209914
0.014500
0.214844
-0.209914
-0.014500
0.193569
-0.137831
0.014500
0.193569
-0.137831
-0.014500
0.187050
-0.046400
0.014500
0.187050
-0.046400
-0.014500
0.187050
0.081200
0.014500
0.187050
0.081200
-0.014500
0.183234
0.162574
0.014500
0.183234
0.162574
-0.014500
0.169743
0.228288
0.014500
0.169743
0.228288
-0.014500
0.143515
0.276950
0.014500
0.143515
0.276950
-0.014500
0.101488
0.307168
0.014500
0.101488
0.307168
-0.014500
0.040600
0.317550
0.014500
0.040600
0.317550
-0.014500
0.040600
0.433550
0.014500
0.040600
0.433550
-0.014500
