36
0.366850
0.523450
0.014500
0.171100
0.988900
0.014500
0.000000
0.988900
0.014500
0.436450
0.648150
0.014500
0.875800
0.988900
0.014500
0.704700
0.988900
0.014500
0.508950
0.522000
0.014500
0.366850
0.000000
0.014500
0.508950
0.000000
0.014500
0.171100
0.988900
-0.014500
0.366850
0.523450
-0.014500
0.000000
0.988900
-0.014500
0.436450
0.648150
-0.014500
0.875800
0.988900
-0.014500
0.704700
0.988900
-0.014500
0.508950
0.522000
-0.014500
0.366850
0.000000
-0.014500
0.508950
0.000000
-0.014500
0.875800
0.988900
0.014500
0.508950
0.522000
0.014500
0.508950
0.522000
-0.014500
0.875800
0.988900
-0.014500
0.508950
0.000000
0.014500
0.508950
0.000000
-0.014500
0.366850
0.000000
0.014500
0.366850
0.000000
-0.014500
0.366850
0.523450
0.014500
0.366850
0.523450
-0.014500
0.000000
0.988900
0.014500
0.000000
0.988900
-0.014500
0.171100
0.988900
0.014500
0.171100
0.988900
-0.014500
0.436450
0.648150
0.014500
0.436450
0.648150
-0.014500
0.704700
0.988900
0.014500
0.704700
0.988900
-0.014500
