3
224
0
1
2
0
3
1
4
3
0
4
5
3
4
6
5
7
6
4
7
8
6
7
9
8
9
10
8
10
11
8
11
12
8
13
14
7
14
15
7
15
9
7
13
16
14
13
17
16
18
17
13
18
19
17
18
20
19
18
21
20
18
22
21
23
22
18
23
24
22
23
25
24
23
26
25
23
27
26
28
27
23
28
29
27
30
29
28
30
31
29
30
32
31
33
32
30
33
34
32
35
34
33
35
36
34
37
38
39
35
40
36
41
40
35
37
42
38
43
40
41
37
44
42
45
40
43
45
46
40
47
46
45
37
48
44
49
46
47
37
49
48
37
46
49
37
50
46
51
50
37
52
50
51
52
53
50
54
53
52
54
55
53
56
55
54
57
58
59
60
58
57
60
61
58
62
61
60
63
61
62
63
64
61
65
64
63
66
64
65
67
66
65
68
67
65
69
68
65
70
71
64
72
70
64
66
72
64
73
71
70
74
71
73
74
75
71
76
75
74
77
75
76
78
75
77
79
75
78
79
80
75
81
80
79
82
80
81
83
80
82
84
80
83
84
85
80
86
85
84
86
87
85
88
87
86
89
87
88
89
90
87
91
90
89
91
92
90
93
92
91
94
95
96
97
92
93
97
98
92
99
95
94
97
100
98
101
95
99
97
102
100
103
102
97
103
104
102
105
95
101
103
106
104
106
95
105
103
95
106
107
95
103
107
108
95
107
109
108
110
109
107
110
111
109
112
111
110
112
113
111
114
115
116
114
116
117
115
118
119
115
119
116
118
120
121
118
121
119
120
122
123
120
123
121
122
124
125
122
125
123
124
126
127
124
127
125
126
128
129
126
129
127
128
130
131
128
131
129
130
132
133
130
133
131
132
134
135
132
135
133
134
136
137
134
137
135
136
138
139
136
139
137
138
140
141
138
141
139
140
142
143
140
143
141
142
144
145
142
145
143
144
146
147
144
147
145
146
148
149
146
149
147
148
150
151
148
151
149
150
152
153
150
153
151
152
154
155
152
155
153
154
156
157
154
157
155
156
158
159
156
159
157
158
160
161
158
161
159
160
162
163
160
163
161
162
164
165
162
165
163
164
166
167
164
167
165
166
168
169
166
169
167
168
170
171
168
171
169
170
172
173
170
173
171
172
174
175
172
175
173
174
176
177
174
177
175
176
178
179
176
179
177
178
180
181
178
181
179
180
182
183
180
183
181
182
184
185
182
185
183
184
186
187
184
187
185
186
188
189
186
189
187
188
190
191
188
191
189
190
192
193
190
193
191
192
194
195
192
195
193
194
196
197
194
197
195
196
198
199
196
199
197
198
200
201
198
201
199
200
202
203
200
203
201
202
204
205
202
205
203
204
206
207
204
207
205
206
208
209
206
209
207
208
210
211
208
211
209
210
212
213
210
213
211
212
214
215
212
215
213
214
216
217
214
217
215
216
218
219
216
219
217
218
220
221
218
221
219
220
222
223
220
223
221
222
224
225
222
225
223
224
226
227
224
227
225
226
114
117
226
117
227
