228
0.205970
0.656282
0.014500
0.315149
0.662000
0.014500
0.278400
0.664100
0.014500
0.352454
0.655655
0.014500
0.146485
0.633569
0.014500
0.390526
0.644995
0.014500
0.429571
0.629950
0.014500
0.101755
0.597075
0.014500
0.469800
0.610450
0.014500
0.347443
0.540792
0.014500
0.385909
0.527510
0.014500
0.426950
0.508312
0.014500
0.469800
0.482850
0.014500
0.073590
0.547914
0.014500
0.281300
0.551000
0.014500
0.312318
0.548506
0.014500
0.252358
0.548158
0.014500
0.228636
0.540096
0.014500
0.063800
0.487200
0.014500
0.210830
0.527510
0.014500
0.199636
0.511096
0.014500
0.195750
0.491550
0.014500
0.201190
0.473245
0.014500
0.095468
0.395885
0.014500
0.218393
0.452296
0.014500
0.248681
0.427448
0.014500
0.293376
0.397451
0.014500
0.353800
0.361050
0.014500
0.170984
0.327050
0.014500
0.410234
0.321169
0.014500
0.261116
0.272554
0.014500
0.451704
0.285256
0.014500
0.479602
0.251012
0.014500
0.336632
0.224251
0.014500
0.495320
0.216143
0.014500
0.368300
0.174000
0.014500
0.500250
0.178350
0.014500
0.059450
0.046400
0.014500
0.108901
0.154431
0.014500
0.059450
0.185600
0.014500
0.489764
0.114457
0.014500
0.363358
0.148770
0.014500
0.155776
0.130430
0.014500
0.349647
0.128760
0.014500
0.199242
0.113460
0.014500
0.328837
0.113970
0.014500
0.460207
0.061492
0.014500
0.302598
0.104400
0.014500
0.238461
0.103379
0.014500
0.272600
0.100050
0.014500
0.414433
0.021332
0.014500
0.107613
0.023513
0.014500
0.152436
0.006682
0.014500
0.355296
-0.004141
0.014500
0.195796
-0.004652
0.014500
0.285650
-0.013050
0.014500
0.239575
-0.011043
0.014500
0.315149
0.662000
-0.014500
0.205970
0.656282
-0.014500
0.278400
0.664100
-0.014500
0.352454
0.655655
-0.014500
0.146485
0.633569
-0.014500
0.390526
0.644995
-0.014500
0.429571
0.629950
-0.014500
0.101755
0.597075
-0.014500
0.469800
0.610450
-0.014500
0.347443
0.540792
-0.014500
0.385909
0.527510
-0.014500
0.426950
0.508312
-0.014500
0.469800
0.482850
-0.014500
0.281300
0.551000
-0.014500
0.073590
0.547914
-0.014500
0.312318
0.548506
-0.014500
0.252358
0.548158
-0.014500
0.228636
0.540096
-0.014500
0.063800
0.487200
-0.014500
0.210830
0.527510
-0.014500
0.199636
0.511096
-0.014500
0.195750
0.491550
-0.014500
0.201190
0.473245
-0.014500
0.095468
0.395885
-0.014500
0.218393
0.452296
-0.014500
0.248681
0.427448
-0.014500
0.293376
0.397451
-0.014500
0.353800
0.361050
-0.014500
0.170984
0.327050
-0.014500
0.410234
0.321169
-0.014500
0.261116
0.272554
-0.014500
0.451704
0.285256
-0.014500
0.479602
0.251012
-0.014500
0.336632
0.224251
-0.014500
0.495320
0.216143
-0.014500
0.368300
0.174000
-0.014500
0.500250
0.178350
-0.014500
0.108901
0.154431
-0.014500
0.059450
0.046400
-0.014500
0.059450
0.185600
-0.014500
0.489764
0.114457
-0.014500
0.363358
0.148770
-0.014500
0.155776
0.130430
-0.014500
0.349647
0.128760
-0.014500
0.199242
0.113460
-0.014500
0.328837
0.113970
-0.014500
0.460207
0.061492
-0.014500
0.302598
0.104400
-0.014500
0.238461
0.103379
-0.014500
0.272600
0.100050
-0.014500
0.414433
0.021332
-0.014500
0.107613
0.023513
-0.014500
0.152436
0.006682
-0.014500
0.355296
-0.004141
-0.014500
0.195796
-0.004652
-0.014500
0.285650
-0.013050
-0.014500
0.239575
-0.011043
-0.014500
0.426950
0.508312
0.014500
0.385909
0.527510
0.014500
0.385909
0.527510
-0.014500
0.426950
0.508312
-0.014500
0.347443
0.540792
0.014500
0.347443
0.540792
-0.014500
0.312318
0.548506
0.014500
0.312318
0.548506
-0.014500
0.281300
0.551000
0.014500
0.281300
0.551000
-0.014500
0.252358
0.548158
0.014500
0.252358
0.548158
-0.014500
0.228636
0.540096
0.014500
0.228636
0.540096
-0.014500
0.210830
0.527510
0.014500
0.210830
0.527510
-0.014500
0.199636
0.511096
0.014500
0.199636
0.511096
-0.014500
0.195750
0.491550
0.014500
0.195750
0.491550
-0.014500
0.201190
0.473245
0.014500
0.201190
0.473245
-0.014500
0.218393
0.452296
0.014500
0.218393
0.452296
-0.014500
0.248681
0.427448
0.014500
0.248681
0.427448
-0.014500
0.293376
0.397451
0.014500
0.293376
0.397451
-0.014500
0.353800
0.361050
0.014500
0.353800
0.361050
-0.014500
0.410234
0.321169
0.014500
0.410234
0.321169
-0.014500
0.451704
0.285256
0.014500
0.451704
0.285256
-0.014500
0.479602
0.251012
0.014500
0.479602
0.251012
-0.014500
0.495320
0.216143
0.014500
0.495320
0.216143
-0.014500
0.500250
0.178350
0.014500
0.500250
0.178350
-0.014500
0.489764
0.114457
0.014500
0.489764
0.114457
-0.014500
0.460207
0.061492
0.014500
0.460207
0.061492
-0.014500
0.414433
0.021332
0.014500
0.414433
0.021332
-0.014500
0.355296
-0.004141
0.014500
0.355296
-0.004141
-0.014500
0.285650
-0.013050
0.014500
0.285650
-0.013050
-0.014500
0.239575
-0.011043
0.014500
0.239575
-0.011043
-0.014500
0.195796
-0.004652
0.014500
0.195796
-0.004652
-0.014500
0.152436
0.006682
0.014500
0.152436
0.006682
-0.014500
0.107613
0.023513
0.014500
0.107613
0.023513
-0.014500
0.059450
0.046400
0.014500
0.059450
0.046400
-0.014500
0.059450
0.185600
0.014500
0.059450
0.185600
-0.014500
0.108901
0.154431
0.014500
0.108901
0.154431
-0.014500
0.155776
0.130430
0.014500
0.155776
0.130430
-0.014500
0.199242
0.113460
0.014500
0.199242
0.113460
-0.014500
0.238461
0.103379
0.014500
0.238461
0.103379
-0.014500
0.272600
0.100050
0.014500
0.272600
0.100050
-0.014500
0.302598
0.104400
0.014500
0.302598
0.104400
-0.014500
0.328837
0.113970
0.014500
0.328837
0.113970
-0.014500
0.349647
0.128760
0.014500
0.349647
0.128760
-0.014500
0.363358
0.148770
0.014500
0.363358
0.148770
-0.014500
0.368300
0.174000
0.014500
0.368300
0.174000
-0.014500
0.336632
0.224251
0.014500
0.336632
0.224251
-0.014500
0.261116
0.272554
0.014500
0.261116
0.272554
-0.014500
0.170984
0.327050
0.014500
0.170984
0.327050
-0.014500
0.095468
0.395885
0.014500
0.095468
0.395885
-0.014500
0.063800
0.487200
0.014500
0.063800
0.487200
-0.014500
0.073590
0.547914
0.014500
0.073590
0.547914
-0.014500
0.101755
0.597075
0.014500
0.101755
0.597075
-0.014500
0.146485
0.633569
0.014500
0.146485
0.633569
-0.014500
0.205970
0.656282
0.014500
0.205970
0.656282
-0.014500
0.278400
0.664100
0.014500
0.278400
0.664100
-0.014500
0.315149
0.662000
0.014500
0.315149
0.662000
-0.014500
0.352454
0.655655
0.014500
0.352454
0.655655
-0.014500
0.390526
0.644995
0.014500
0.390526
0.644995
-0.014500
0.429571
0.629950
0.014500
0.429571
0.629950
-0.014500
0.469800
0.610450
0.014500
0.469800
0.610450
-0.014500
0.469800
0.482850
0.014500
0.469800
0.482850
-0.014500
