160
0.417704
0.975479
0.014500
0.776574
0.975618
0.014500
0.595950
1.001950
0.014500
0.924207
0.902654
0.014500
0.270709
0.902236
0.014500
0.595950
0.871450
0.014500
0.721253
0.853122
0.014500
1.034743
0.792106
0.014500
0.159767
0.791480
0.014500
0.471354
0.853122
0.014500
0.365481
0.801386
0.014500
0.827556
0.801386
0.014500
0.283481
0.721114
0.014500
0.909776
0.721114
0.014500
1.104077
0.653022
0.014500
0.089680
0.652465
0.014500
0.230504
0.617178
0.014500
0.962835
0.617178
0.014500
1.128100
0.494450
0.014500
0.065250
0.494450
0.014500
0.211700
0.494450
0.014500
0.981650
0.494450
0.014500
0.089100
0.338662
0.014500
0.230504
0.372279
0.014500
0.962835
0.372279
0.014500
1.104610
0.339219
0.014500
0.909777
0.268412
0.014500
0.283481
0.268412
0.014500
1.036228
0.200552
0.014500
0.157911
0.199926
0.014500
0.827556
0.187932
0.014500
0.365481
0.187932
0.014500
0.926086
0.088752
0.014500
0.267577
0.088334
0.014500
0.721253
0.135917
0.014500
0.471354
0.135917
0.014500
0.595950
0.117450
0.014500
0.777316
0.014117
0.014500
0.413992
0.013978
0.014500
0.593050
-0.013050
0.014500
0.776574
0.975618
-0.014500
0.417704
0.975479
-0.014500
0.595950
1.001950
-0.014500
0.924207
0.902654
-0.014500
0.270709
0.902236
-0.014500
0.595950
0.871450
-0.014500
0.721253
0.853122
-0.014500
1.034743
0.792106
-0.014500
0.471354
0.853122
-0.014500
0.159767
0.791480
-0.014500
0.365481
0.801386
-0.014500
0.827556
0.801386
-0.014500
0.283481
0.721114
-0.014500
0.909776
0.721114
-0.014500
1.104077
0.653022
-0.014500
0.089680
0.652465
-0.014500
0.230504
0.617178
-0.014500
0.962835
0.617178
-0.014500
1.128100
0.494450
-0.014500
0.065250
0.494450
-0.014500
0.211700
0.494450
-0.014500
0.981650
0.494450
-0.014500
0.089100
0.338662
-0.014500
0.230504
0.372279
-0.014500
0.962835
0.372279
-0.014500
1.104610
0.339219
-0.014500
0.909777
0.268412
-0.014500
0.283481
0.268412
-0.014500
1.036228
0.200552
-0.014500
0.157911
0.199926
-0.014500
0.827556
0.187932
-0.014500
0.365481
0.187932
-0.014500
0.926086
0.088752
-0.014500
0.267577
0.088334
-0.014500
0.721253
0.135917
-0.014500
0.471354
0.135917
-0.014500
0.595950
0.117450
-0.014500
0.777316
0.014117
-0.014500
0.413992
0.013978
-0.014500
0.593050
-0.013050
-0.014500
0.776574
0.975618
0.014500
0.924207
0.902654
0.014500
0.924207
0.902654
-0.014500
0.776574
0.975618
-0.014500
1.034743
0.792106
0.014500
1.034743
0.792106
-0.014500
1.104077
0.653022
0.014500
1.104077
0.653022
-0.014500
1.128100
0.494450
0.014500
1.128100
0.494450
-0.014500
1.104610
0.339219
0.014500
1.104610
0.339219
-0.014500
1.036228
0.200552
0.014500
1.036228
0.200552
-0.014500
0.926086
0.088752
0.014500
0.926086
0.088752
-0.014500
0.777316
0.014117
0.014500
0.777316
0.014117
-0.014500
0.593050
-0.013050
0.014500
0.593050
-0.013050
-0.014500
0.413992
0.013978
0.014500
0.413992
0.013978
-0.014500
0.267577
0.088334
0.014500
0.267577
0.088334
-0.014500
0.157911
0.199926
0.014500
0.157911
0.199926
-0.014500
0.089100
0.338662
0.014500
0.089100
0.338662
-0.014500
0.065250
0.494450
0.014500
0.065250
0.494450
-0.014500
0.089680
0.652465
0.014500
0.089680
0.652465
-0.014500
0.159767
0.791480
0.014500
0.159767
0.791480
-0.014500
0.270709
0.902236
0.014500
0.270709
0.902236
-0.014500
0.417704
0.975479
0.014500
0.417704
0.975479
-0.014500
0.595950
1.001950
0.014500
0.595950
1.001950
-0.014500
0.721253
0.135917
0.014500
0.827556
0.187932
0.014500
0.827556
0.187932
-0.014500
0.721253
0.135917
-0.014500
0.909777
0.268412
0.014500
0.909777
0.268412
-0.014500
0.962835
0.372279
0.014500
0.962835
0.372279
-0.014500
0.981650
0.494450
0.014500
0.981650
0.494450
-0.014500
0.962835
0.617178
0.014500
0.962835
0.617178
-0.014500
0.909776
0.721114
0.014500
0.909776
0.721114
-0.014500
0.827556
0.801386
0.014500
0.827556
0.801386
-0.014500
0.721253
0.853122
0.014500
0.721253
0.853122
-0.014500
0.595950
0.871450
0.014500
0.595950
0.871450
-0.014500
0.471354
0.853122
0.014500
0.471354
0.853122
-0.014500
0.365481
0.801386
0.014500
0.365481
0.801386
-0.014500
0.283481
0.721114
0.014500
0.283481
0.721114
-0.014500
0.230504
0.617178
0.014500
0.230504
0.617178
-0.014500
0.211700
0.494450
0.014500
0.211700
0.494450
-0.014500
0.230504
0.372279
0.014500
0.230504
0.372279
-0.014500
0.283481
0.268412
0.014500
0.283481
0.268412
-0.014500
0.365481
0.187932
0.014500
0.365481
0.187932
-0.014500
0.471354
0.135917
0.014500
0.471354
0.135917
-0.014500
0.595950
0.117450
0.014500
0.595950
0.117450
-0.014500
