44
0.108750
0.000000
0.014500
0.250850
0.988900
0.014500
0.108750
0.988900
0.014500
0.250850
0.536500
0.014500
0.843900
0.988900
0.014500
0.667000
0.988900
0.014500
0.413250
0.520550
0.014500
0.250850
0.488650
0.014500
0.949750
0.000000
0.014500
0.250850
0.000000
0.014500
0.754000
0.000000
0.014500
0.250850
0.988900
-0.014500
0.108750
0.000000
-0.014500
0.108750
0.988900
-0.014500
0.250850
0.536500
-0.014500
0.843900
0.988900
-0.014500
0.667000
0.988900
-0.014500
0.413250
0.520550
-0.014500
0.250850
0.488650
-0.014500
0.949750
0.000000
-0.014500
0.250850
0.000000
-0.014500
0.754000
0.000000
-0.014500
0.754000
0.000000
0.014500
0.250850
0.488650
0.014500
0.250850
0.488650
-0.014500
0.754000
0.000000
-0.014500
0.250850
0.000000
0.014500
0.250850
0.000000
-0.014500
0.108750
0.000000
0.014500
0.108750
0.000000
-0.014500
0.108750
0.988900
0.014500
0.108750
0.988900
-0.014500
0.250850
0.988900
0.014500
0.250850
0.988900
-0.014500
0.250850
0.536500
0.014500
0.250850
0.536500
-0.014500
0.667000
0.988900
0.014500
0.667000
0.988900
-0.014500
0.843900
0.988900
0.014500
0.843900
0.988900
-0.014500
0.413250
0.520550
0.014500
0.413250
0.520550
-0.014500
0.949750
0.000000
0.014500
0.949750
0.000000
-0.014500
