208
-0.040451
0.000000
-0.029389
-0.047553
0.000000
-0.015451
-0.043933
0.018198
-0.015451
-0.037372
0.015480
-0.029389
-0.047553
-0.000000
0.015451
-0.040451
-0.000000
0.029389
-0.037372
0.015480
0.029389
-0.043933
0.018198
0.015451
-0.029389
0.000000
-0.040451
-0.027152
0.011247
-0.040451
-0.050000
0.000000
0.000000
-0.046194
0.019134
0.000000
-0.029389
-0.000000
0.040451
-0.015451
-0.000000
0.047553
-0.014275
0.005913
0.047553
-0.027152
0.011247
0.040451
-0.015451
0.000000
-0.047553
-0.014275
0.005913
-0.047553
-0.050000
0.000000
0.000000
-0.046194
0.019134
0.000000
-0.033625
0.033625
-0.015451
-0.028603
0.028603
-0.029389
-0.028603
0.028603
0.029389
-0.033625
0.033625
0.015451
-0.020781
0.020781
-0.040451
-0.035355
0.035355
0.000000
-0.010925
0.010925
0.047553
-0.020781
0.020781
0.040451
-0.010925
0.010925
-0.047553
-0.035355
0.035355
0.000000
-0.011247
0.027152
0.040451
-0.015480
0.037372
0.029389
-0.018198
0.043933
-0.015451
-0.015480
0.037372
-0.029389
-0.018198
0.043933
0.015451
-0.011247
0.027152
-0.040451
-0.019134
0.046194
0.000000
-0.005913
0.014275
0.047553
-0.005913
0.014275
-0.047553
-0.019134
0.046194
0.000000
0.000000
0.050000
0.000000
0.000000
0.047553
-0.015451
0.000000
0.029389
0.040451
0.000000
0.040451
0.029389
0.000000
0.040451
-0.029389
0.000000
0.047553
0.015451
0.000000
0.029389
-0.040451
0.000000
0.050000
0.000000
0.000000
0.015451
0.047553
0.000000
0.015451
-0.047553
0.000000
0.029389
0.040451
0.000000
0.015451
0.047553
0.005913
0.014275
0.047553
0.011247
0.027152
0.040451
0.000000
0.015451
-0.047553
0.000000
0.029389
-0.040451
0.011247
0.027152
-0.040451
0.005913
0.014275
-0.047553
0.000000
0.047553
-0.015451
0.000000
0.050000
0.000000
0.019134
0.046194
0.000000
0.018198
0.043933
-0.015451
0.000000
0.040451
0.029389
0.015480
0.037372
0.029389
0.000000
0.040451
-0.029389
0.015480
0.037372
-0.029389
0.000000
0.047553
0.015451
0.018198
0.043933
0.015451
0.000000
0.050000
0.000000
0.019134
0.046194
0.000000
0.028603
0.028603
-0.029389
0.020781
0.020781
-0.040451
0.033625
0.033625
0.015451
0.035355
0.035355
0.000000
0.010925
0.010925
0.047553
0.020781
0.020781
0.040451
0.010925
0.010925
-0.047553
0.035355
0.035355
0.000000
0.033625
0.033625
-0.015451
0.028603
0.028603
0.029389
0.037372
0.015480
0.029389
0.043933
0.018198
0.015451
0.037372
0.015480
-0.029389
0.027152
0.011247
-0.040451
0.046194
0.019134
0.000000
0.014275
0.005913
0.047553
0.027152
0.011247
0.040451
0.014275
0.005913
-0.047553
0.046194
0.019134
0.000000
0.043933
0.018198
-0.015451
0.047553
0.000000
-0.015451
0.040451
0.000000
-0.029389
0.040451
-0.000000
0.029389
0.047553
-0.000000
0.015451
0.029389
0.000000
-0.040451
0.050000
0.000000
0.000000
0.015451
-0.000000
0.047553
0.029389
-0.000000
0.040451
0.015451
0.000000
-0.047553
0.050000
0.000000
0.000000
0.040451
-0.000000
0.029389
0.029389
-0.000000
0.040451
0.027152
-0.011247
0.040451
0.037372
-0.015480
0.029389
0.040451
0.000000
-0.029389
0.047553
0.000000
-0.015451
0.043933
-0.018198
-0.015451
0.037372
-0.015480
-0.029389
0.047553
-0.000000
0.015451
0.043933
-0.018198
0.015451
0.029389
0.000000
-0.040451
0.027152
-0.011247
-0.040451
0.050000
0.000000
0.000000
0.046194
-0.019134
-0.000000
0.015451
-0.000000
0.047553
0.014275
-0.005913
0.047553
0.015451
0.000000
-0.047553
0.014275
-0.005913
-0.047553
0.050000
0.000000
0.000000
0.046194
-0.019134
-0.000000
0.020781
-0.020781
-0.040451
0.010925
-0.010925
-0.047553
0.035355
-0.035355
-0.000000
0.033625
-0.033625
-0.015451
0.020781
-0.020781
0.040451
0.028603
-0.028603
0.029389
0.028603
-0.028603
-0.029389
0.033625
-0.033625
0.015451
0.035355
-0.035355
-0.000000
0.010925
-0.010925
0.047553
0.018198
-0.043933
0.015451
0.019134
-0.046194
-0.000000
0.005913
-0.014275
0.047553
0.011247
-0.027152
0.040451
0.011247
-0.027152
-0.040451
0.005913
-0.014275
-0.047553
0.019134
-0.046194
-0.000000
0.018198
-0.043933
-0.015451
0.015480
-0.037372
0.029389
0.015480
-0.037372
-0.029389
0.000000
-0.040451
-0.029389
0.000000
-0.029389
-0.040451
0.000000
-0.047553
0.015451
0.000000
-0.050000
-0.000000
0.000000
-0.015451
0.047553
0.000000
-0.029389
0.040451
0.000000
-0.015451
-0.047553
0.000000
-0.050000
-0.000000
0.000000
-0.047553
-0.015451
0.000000
-0.040451
0.029389
0.000000
-0.047553
0.015451
0.000000
-0.040451
0.029389
-0.015480
-0.037372
0.029389
-0.018198
-0.043933
0.015451
0.000000
-0.029389
-0.040451
0.000000
-0.040451
-0.029389
-0.015480
-0.037372
-0.029389
-0.011247
-0.027152
-0.040451
0.000000
-0.050000
-0.000000
-0.019134
-0.046194
-0.000000
0.000000
-0.029389
0.040451
0.000000
-0.015451
0.047553
-0.005913
-0.014275
0.047553
-0.011247
-0.027152
0.040451
0.000000
-0.015451
-0.047553
-0.005913
-0.014275
-0.047553
0.000000
-0.047553
-0.015451
0.000000
-0.050000
-0.000000
-0.019134
-0.046194
-0.000000
-0.018198
-0.043933
-0.015451
-0.033625
-0.033625
-0.015451
-0.028603
-0.028603
-0.029389
-0.028603
-0.028603
0.029389
-0.033625
-0.033625
0.015451
-0.020781
-0.020781
-0.040451
-0.035355
-0.035355
-0.000000
-0.010925
-0.010925
0.047553
-0.020781
-0.020781
0.040451
-0.010925
-0.010925
-0.047553
-0.035355
-0.035355
-0.000000
-0.046194
-0.019134
-0.000000
-0.043933
-0.018198
-0.015451
-0.027152
-0.011247
0.040451
-0.037372
-0.015480
0.029389
-0.037372
-0.015480
-0.029389
-0.043933
-0.018198
0.015451
-0.027152
-0.011247
-0.040451
-0.046194
-0.019134
-0.000000
-0.014275
-0.005913
0.047553
-0.014275
-0.005913
-0.047553
0.000000
-0.000000
0.050000
0.000000
0.000000
-0.050000
0.000000
0.000000
-0.050000
0.000000
-0.000000
0.050000
0.000000
0.000000
-0.050000
0.000000
-0.000000
0.050000
0.000000
-0.000000
0.050000
0.000000
0.000000
-0.050000
-0.015451
-0.000000
0.047553
-0.029389
-0.000000
0.040451
-0.029389
0.000000
-0.040451
-0.015451
0.000000
-0.047553
-0.050000
0.000000
0.000000
-0.047553
0.000000
-0.015451
-0.040451
-0.000000
0.029389
-0.040451
0.000000
-0.029389
-0.047553
-0.000000
0.015451
-0.050000
0.000000
0.000000
