32
0.030450
0.535050
0.014500
0.585800
0.651050
0.014500
0.030450
0.651050
0.014500
0.361050
0.535050
0.014500
0.239250
0.116000
0.014500
0.015950
0.000000
0.014500
0.587250
0.116000
0.014500
0.587250
0.000000
0.014500
0.585800
0.651050
-0.014500
0.030450
0.535050
-0.014500
0.030450
0.651050
-0.014500
0.361050
0.535050
-0.014500
0.239250
0.116000
-0.014500
0.015950
0.000000
-0.014500
0.587250
0.116000
-0.014500
0.587250
0.000000
-0.014500
0.587250
0.116000
0.014500
0.587250
0.000000
0.014500
0.587250
0.000000
-0.014500
0.587250
0.116000
-0.014500
0.015950
0.000000
0.014500
0.015950
0.000000
-0.014500
0.361050
0.535050
0.014500
0.361050
0.535050
-0.014500
0.030450
0.535050
0.014500
0.030450
0.535050
-0.014500
0.030450
0.651050
0.014500
0.030450
0.651050
-0.014500
0.585800
0.651050
0.014500
0.585800
0.651050
-0.014500
0.239250
0.116000
0.014500
0.239250
0.116000
-0.014500
