184
0.432193
0.976546
0.014500
0.669494
0.999468
0.014500
0.603200
1.001950
0.014500
0.732656
0.991139
0.014500
0.797906
0.975641
0.014500
0.286102
0.905206
0.014500
0.870464
0.951653
0.014500
0.955550
0.917850
0.014500
0.671768
0.867471
0.014500
0.743305
0.855628
0.014500
0.814633
0.836058
0.014500
0.885475
0.808903
0.014500
0.955550
0.774300
0.014500
0.172446
0.795238
0.014500
0.478233
0.852693
0.014500
0.600300
0.871450
0.014500
0.373358
0.800040
0.014500
0.291380
0.718922
0.014500
0.098739
0.653950
0.014500
0.238009
0.614765
0.014500
0.072500
0.488650
0.014500
0.218950
0.493000
0.014500
0.238020
0.369309
0.014500
0.098148
0.325113
0.014500
0.643800
0.359600
0.014500
0.975850
0.487200
0.014500
0.643800
0.487200
0.014500
0.833750
0.359600
0.014500
0.975850
0.068150
0.014500
0.292169
0.265594
0.014500
0.833750
0.156600
0.014500
0.170497
0.186772
0.014500
0.376803
0.186168
0.014500
0.282657
0.080028
0.014500
0.487328
0.135349
0.014500
0.792640
0.144176
0.014500
0.750903
0.133423
0.014500
0.619150
0.117450
0.014500
0.708261
0.124967
0.014500
0.664436
0.119434
0.014500
0.427738
0.011287
0.014500
0.899197
0.037433
0.014500
0.825816
0.014512
0.014500
0.753060
-0.001172
0.014500
0.598850
-0.013050
0.014500
0.678287
-0.010173
0.014500
0.669494
0.999468
-0.014500
0.432193
0.976546
-0.014500
0.603200
1.001950
-0.014500
0.732656
0.991139
-0.014500
0.797906
0.975641
-0.014500
0.286102
0.905206
-0.014500
0.870464
0.951653
-0.014500
0.955550
0.917850
-0.014500
0.671768
0.867471
-0.014500
0.743305
0.855628
-0.014500
0.814633
0.836058
-0.014500
0.885475
0.808903
-0.014500
0.955550
0.774300
-0.014500
0.478233
0.852693
-0.014500
0.172446
0.795238
-0.014500
0.600300
0.871450
-0.014500
0.373358
0.800040
-0.014500
0.291380
0.718922
-0.014500
0.098739
0.653950
-0.014500
0.238009
0.614765
-0.014500
0.072500
0.488650
-0.014500
0.218950
0.493000
-0.014500
0.238020
0.369309
-0.014500
0.098148
0.325113
-0.014500
0.975850
0.487200
-0.014500
0.643800
0.359600
-0.014500
0.643800
0.487200
-0.014500
0.833750
0.359600
-0.014500
0.975850
0.068150
-0.014500
0.292169
0.265594
-0.014500
0.833750
0.156600
-0.014500
0.170497
0.186772
-0.014500
0.376803
0.186168
-0.014500
0.282657
0.080028
-0.014500
0.487328
0.135349
-0.014500
0.792640
0.144176
-0.014500
0.750903
0.133423
-0.014500
0.619150
0.117450
-0.014500
0.708261
0.124967
-0.014500
0.664436
0.119434
-0.014500
0.427738
0.011287
-0.014500
0.899197
0.037433
-0.014500
0.825816
0.014512
-0.014500
0.753060
-0.001172
-0.014500
0.598850
-0.013050
-0.014500
0.678287
-0.010173
-0.014500
0.899197
0.037433
0.014500
0.825816
0.014512
0.014500
0.825816
0.014512
-0.014500
0.899197
0.037433
-0.014500
0.753060
-0.001172
0.014500
0.753060
-0.001172
-0.014500
0.678287
-0.010173
0.014500
0.678287
-0.010173
-0.014500
0.598850
-0.013050
0.014500
0.598850
-0.013050
-0.014500
0.427738
0.011287
0.014500
0.427738
0.011287
-0.014500
0.282657
0.080028
0.014500
0.282657
0.080028
-0.014500
0.170497
0.186772
0.014500
0.170497
0.186772
-0.014500
0.098148
0.325113
0.014500
0.098148
0.325113
-0.014500
0.072500
0.488650
0.014500
0.072500
0.488650
-0.014500
0.098739
0.653950
0.014500
0.098739
0.653950
-0.014500
0.172446
0.795238
0.014500
0.172446
0.795238
-0.014500
0.286102
0.905206
0.014500
0.286102
0.905206
-0.014500
0.432193
0.976546
0.014500
0.432193
0.976546
-0.014500
0.603200
1.001950
0.014500
0.603200
1.001950
-0.014500
0.669494
0.999468
0.014500
0.669494
0.999468
-0.014500
0.732656
0.991139
0.014500
0.732656
0.991139
-0.014500
0.797906
0.975641
0.014500
0.797906
0.975641
-0.014500
0.870464
0.951653
0.014500
0.870464
0.951653
-0.014500
0.955550
0.917850
0.014500
0.955550
0.917850
-0.014500
0.955550
0.774300
0.014500
0.955550
0.774300
-0.014500
0.885475
0.808903
0.014500
0.885475
0.808903
-0.014500
0.814633
0.836058
0.014500
0.814633
0.836058
-0.014500
0.743305
0.855628
0.014500
0.743305
0.855628
-0.014500
0.671768
0.867471
0.014500
0.671768
0.867471
-0.014500
0.600300
0.871450
0.014500
0.600300
0.871450
-0.014500
0.478233
0.852693
0.014500
0.478233
0.852693
-0.014500
0.373358
0.800040
0.014500
0.373358
0.800040
-0.014500
0.291380
0.718922
0.014500
0.291380
0.718922
-0.014500
0.238009
0.614765
0.014500
0.238009
0.614765
-0.014500
0.218950
0.493000
0.014500
0.218950
0.493000
-0.014500
0.238020
0.369309
0.014500
0.238020
0.369309
-0.014500
0.292169
0.265594
0.014500
0.292169
0.265594
-0.014500
0.376803
0.186168
0.014500
0.376803
0.186168
-0.014500
0.487328
0.135349
0.014500
0.487328
0.135349
-0.014500
0.619150
0.117450
0.014500
0.619150
0.117450
-0.014500
0.664436
0.119434
0.014500
0.664436
0.119434
-0.014500
0.708261
0.124967
0.014500
0.708261
0.124967
-0.014500
0.750903
0.133423
0.014500
0.750903
0.133423
-0.014500
0.792640
0.144176
0.014500
0.792640
0.144176
-0.014500
0.833750
0.156600
0.014500
0.833750
0.156600
-0.014500
0.833750
0.359600
0.014500
0.833750
0.359600
-0.014500
0.643800
0.359600
0.014500
0.643800
0.359600
-0.014500
0.643800
0.487200
0.014500
0.643800
0.487200
-0.014500
0.975850
0.487200
0.014500
0.975850
0.487200
-0.014500
0.975850
0.068150
0.014500
0.975850
0.068150
-0.014500
