144
0.082650
-0.333500
0.014500
0.211700
0.535050
0.014500
0.082650
0.651050
0.014500
0.305950
0.651050
0.014500
0.435418
0.637269
0.014500
0.537811
0.596484
0.014500
0.329150
0.535050
0.014500
0.612155
0.529528
0.014500
0.211700
0.131950
0.014500
0.405176
0.525828
0.014500
0.657476
0.437239
0.014500
0.464429
0.498858
0.014500
0.506839
0.455184
0.014500
0.532336
0.395850
0.014500
0.672800
0.320450
0.014500
0.540850
0.321900
0.014500
0.530839
0.250688
0.014500
0.656931
0.210598
0.014500
0.502524
0.190333
0.014500
0.611970
0.118494
0.014500
0.458478
0.143689
0.014500
0.401279
0.113610
0.014500
0.235503
0.121696
0.014500
0.211700
0.015950
0.014500
0.259794
0.113599
0.014500
0.541882
0.047966
0.014500
0.333500
0.102950
0.014500
0.284362
0.107729
0.014500
0.309001
0.104156
0.014500
0.450637
0.002842
0.014500
0.211700
-0.333500
0.014500
0.240166
0.005139
0.014500
0.266823
-0.003028
0.014500
0.342200
-0.013050
0.014500
0.292297
-0.008688
0.014500
0.317214
-0.011983
0.014500
0.211700
0.535050
-0.014500
0.082650
-0.333500
-0.014500
0.082650
0.651050
-0.014500
0.305950
0.651050
-0.014500
0.435418
0.637269
-0.014500
0.537811
0.596484
-0.014500
0.329150
0.535050
-0.014500
0.612155
0.529528
-0.014500
0.211700
0.131950
-0.014500
0.405176
0.525828
-0.014500
0.657476
0.437239
-0.014500
0.464429
0.498858
-0.014500
0.506839
0.455184
-0.014500
0.532336
0.395850
-0.014500
0.672800
0.320450
-0.014500
0.540850
0.321900
-0.014500
0.530839
0.250688
-0.014500
0.656931
0.210598
-0.014500
0.502524
0.190333
-0.014500
0.611970
0.118494
-0.014500
0.458478
0.143689
-0.014500
0.401279
0.113610
-0.014500
0.235503
0.121696
-0.014500
0.211700
0.015950
-0.014500
0.259794
0.113599
-0.014500
0.541882
0.047966
-0.014500
0.333500
0.102950
-0.014500
0.284362
0.107729
-0.014500
0.309001
0.104156
-0.014500
0.450637
0.002842
-0.014500
0.211700
-0.333500
-0.014500
0.240166
0.005139
-0.014500
0.266823
-0.003028
-0.014500
0.342200
-0.013050
-0.014500
0.292297
-0.008688
-0.014500
0.317214
-0.011983
-0.014500
0.082650
-0.333500
0.014500
0.082650
0.651050
0.014500
0.082650
0.651050
-0.014500
0.082650
-0.333500
-0.014500
0.305950
0.651050
0.014500
0.305950
0.651050
-0.014500
0.435418
0.637269
0.014500
0.435418
0.637269
-0.014500
0.537811
0.596484
0.014500
0.537811
0.596484
-0.014500
0.612155
0.529528
0.014500
0.612155
0.529528
-0.014500
0.657476
0.437239
0.014500
0.657476
0.437239
-0.014500
0.672800
0.320450
0.014500
0.672800
0.320450
-0.014500
0.656931
0.210598
0.014500
0.656931
0.210598
-0.014500
0.611970
0.118494
0.014500
0.611970
0.118494
-0.014500
0.541882
0.047966
0.014500
0.541882
0.047966
-0.014500
0.450637
0.002842
0.014500
0.450637
0.002842
-0.014500
0.342200
-0.013050
0.014500
0.342200
-0.013050
-0.014500
0.317214
-0.011983
0.014500
0.317214
-0.011983
-0.014500
0.292297
-0.008688
0.014500
0.292297
-0.008688
-0.014500
0.266823
-0.003028
0.014500
0.266823
-0.003028
-0.014500
0.240166
0.005139
0.014500
0.240166
0.005139
-0.014500
0.211700
0.015950
0.014500
0.211700
0.015950
-0.014500
0.211700
-0.333500
0.014500
0.211700
-0.333500
-0.014500
0.235503
0.121696
0.014500
0.259794
0.113599
0.014500
0.259794
0.113599
-0.014500
0.235503
0.121696
-0.014500
0.284362
0.107729
0.014500
0.284362
0.107729
-0.014500
0.309001
0.104156
0.014500
0.309001
0.104156
-0.014500
0.333500
0.102950
0.014500
0.333500
0.102950
-0.014500
0.401279
0.113610
0.014500
0.401279
0.113610
-0.014500
0.458478
0.143689
0.014500
0.458478
0.143689
-0.014500
0.502524
0.190333
0.014500
0.502524
0.190333
-0.014500
0.530839
0.250688
0.014500
0.530839
0.250688
-0.014500
0.540850
0.321900
0.014500
0.540850
0.321900
-0.014500
0.532336
0.395850
0.014500
0.532336
0.395850
-0.014500
0.506839
0.455184
0.014500
0.506839
0.455184
-0.014500
0.464429
0.498858
0.014500
0.464429
0.498858
-0.014500
0.405176
0.525828
0.014500
0.405176
0.525828
-0.014500
0.329150
0.535050
0.014500
0.329150
0.535050
-0.014500
0.211700
0.535050
0.014500
0.211700
0.535050
-0.014500
0.211700
0.131950
0.014500
0.211700
0.131950
-0.014500
