4
48
0.640000
0.640000
0.640000
1.000000
0.640000
0.640000
0.640000
1.000000
0.640000
0.640000
0.640000
1.000000
0.640000
0.640000
0.640000
1.000000
0.640000
0.640000
0.640000
1.000000
0.640000
0.640000
0.640000
1.000000
0.640000
0.640000
0.640000
1.000000
0.640000
0.640000
0.640000
1.000000
0.640000
0.640000
0.640000
1.000000
0.640000
0.640000
0.640000
1.000000
0.640000
0.640000
0.640000
1.000000
0.640000
0.640000
0.640000
1.000000
0.640000
0.640000
0.640000
1.000000
0.640000
0.640000
0.640000
1.000000
0.640000
0.640000
0.640000
1.000000
0.640000
0.640000
0.640000
1.000000
0.640000
0.640000
0.640000
1.000000
0.640000
0.640000
0.640000
1.000000
0.640000
0.640000
0.640000
1.000000
0.640000
0.640000
0.640000
1.000000
0.640000
0.640000
0.640000
1.000000
0.640000
0.640000
0.640000
1.000000
0.640000
0.640000
0.640000
1.000000
0.640000
0.640000
0.640000
1.000000
0.640000
0.640000
0.640000
1.000000
0.640000
0.640000
0.640000
1.000000
0.640000
0.640000
0.640000
1.000000
0.640000
0.640000
0.640000
1.000000
0.640000
0.640000
0.640000
1.000000
0.640000
0.640000
0.640000
1.000000
0.640000
0.640000
0.640000
1.000000
0.640000
0.640000
0.640000
1.000000
0.640000
0.640000
0.640000
1.000000
0.640000
0.640000
0.640000
1.000000
0.640000
0.640000
0.640000
1.000000
0.640000
0.640000
0.640000
1.000000
0.640000
0.640000
0.640000
1.000000
0.640000
0.640000
0.640000
1.000000
0.640000
0.640000
0.640000
1.000000
0.640000
0.640000
0.640000
1.000000
0.640000
0.640000
0.640000
1.000000
0.640000
0.640000
0.640000
1.000000
0.640000
0.640000
0.640000
1.000000
0.640000
0.640000
0.640000
1.000000
0.640000
0.640000
0.640000
1.000000
0.640000
0.640000
0.640000
1.000000
0.640000
0.640000
0.640000
1.000000
0.640000
0.640000
0.640000
1.000000
