48
0.000000
-0.396555
0.000000
0.168664
-0.337331
0.122540
-0.064423
-0.337331
0.198276
0.286950
-0.177347
0.208479
0.337329
-0.208483
0.000000
-0.208481
-0.337330
0.000000
-0.064423
-0.337331
-0.198276
0.309259
-0.629281
-0.179393
0.741903
0.024107
0.255483
-0.109603
-0.177347
0.337329
0.174104
-0.267888
0.532699
0.000000
0.000000
0.396555
-0.354689
-0.177346
0.000000
-0.467239
-0.327438
0.352903
-0.377147
0.000000
0.122541
-0.109603
-0.177347
-0.337329
-0.272905
-0.208483
-0.198276
-0.233089
0.000000
-0.320820
0.286950
-0.177347
-0.208479
0.104242
-0.208484
-0.320818
0.233089
0.000000
-0.320820
0.233089
0.000000
0.320820
-0.233089
0.000000
0.320820
-0.807062
0.017545
-0.227018
0.000000
0.000000
-0.824163
0.377147
0.000000
-0.122541
0.109603
0.177347
0.337329
0.272905
0.208483
0.198276
0.064423
0.337331
0.198276
-0.286950
0.177347
0.208479
-0.216363
0.326831
0.602021
-0.168664
0.337331
0.122540
-0.286950
0.177347
-0.208479
-0.337329
0.208483
0.000000
-0.168664
0.337331
-0.122540
0.109603
0.177347
-0.337329
-0.104242
0.208484
-0.320818
0.064423
0.337331
-0.198276
0.354689
0.177346
0.000000
0.272905
0.208483
-0.198276
0.208481
0.337330
0.000000
-0.028368
0.807023
-0.010226
-0.028368
0.807023
-0.010226
0.208481
0.337330
0.000000
0.354689
0.177346
0.000000
0.741903
0.024107
0.255483
0.337329
-0.208483
0.000000
0.309259
-0.629281
-0.179393
