3
320
0
1
2
0
2
3
4
0
3
4
3
5
6
4
5
6
5
7
1
8
9
1
9
2
3
2
10
3
10
11
5
3
11
5
11
12
7
5
12
7
12
13
2
9
14
2
14
10
11
10
15
11
15
16
12
11
16
12
16
17
13
12
17
13
17
18
10
14
19
10
19
15
15
19
20
15
20
21
16
15
21
16
21
22
17
16
22
17
22
23
18
17
23
18
23
24
25
26
27
25
27
28
29
30
31
29
31
32
33
29
32
33
32
34
26
33
34
26
34
27
27
34
35
27
35
36
28
27
36
28
36
37
32
31
38
32
38
39
34
32
39
34
39
35
36
35
40
36
40
41
37
36
41
37
41
42
39
38
43
39
43
44
35
39
44
35
44
40
40
44
45
40
45
46
41
40
46
41
46
47
42
41
47
42
47
48
44
43
49
44
49
45
50
51
52
50
52
53
54
50
53
54
53
55
56
54
55
56
55
57
51
58
59
51
59
52
57
55
60
57
60
61
52
59
62
52
62
63
53
52
63
53
63
64
55
53
64
55
64
60
61
60
65
61
65
66
63
62
67
63
67
68
64
63
68
64
68
69
60
64
69
60
69
65
65
69
70
65
70
71
66
65
71
66
71
72
68
67
73
68
73
74
69
68
74
69
74
70
75
76
77
75
77
78
79
75
78
79
78
80
81
82
83
81
83
84
76
81
84
76
84
77
77
84
85
77
85
86
78
77
86
78
86
87
80
78
87
80
87
88
84
83
89
84
89
85
85
89
90
85
90
91
86
85
91
86
91
92
87
86
92
87
92
93
88
87
93
88
93
94
95
6
7
95
7
13
95
13
18
95
18
24
96
25
28
67
62
97
67
97
98
96
28
37
89
83
99
89
99
100
9
8
101
9
101
102
96
37
42
20
19
103
20
103
104
96
42
48
105
56
57
19
14
106
19
106
103
105
57
61
43
38
107
43
107
108
105
61
66
73
67
98
73
98
109
59
58
110
59
110
111
105
66
72
112
90
113
112
113
114
115
79
80
115
80
88
38
31
116
38
116
107
115
88
94
31
30
117
31
117
116
90
89
100
90
100
113
94
93
118
94
118
119
91
90
112
91
112
120
83
82
121
83
121
99
115
94
119
92
91
120
92
120
122
49
43
108
49
108
123
14
9
102
14
102
106
93
92
122
93
122
118
62
59
111
62
111
97
124
125
126
124
126
127
128
124
127
128
127
129
130
131
132
130
132
133
125
130
133
125
133
126
127
126
134
127
134
135
129
127
135
129
135
136
133
132
137
133
137
138
126
133
138
126
138
134
134
138
139
134
139
140
135
134
140
135
140
141
136
135
141
136
141
142
138
137
143
138
143
139
140
139
144
140
144
145
141
140
145
141
145
146
142
141
146
142
146
147
139
143
148
139
148
144
149
150
151
149
151
152
153
149
152
153
152
154
155
153
154
155
154
156
157
155
156
157
156
158
158
156
159
158
159
160
152
151
161
152
161
162
154
152
162
154
162
163
156
154
163
156
163
159
159
163
164
159
164
165
160
159
165
160
165
166
162
161
167
162
167
168
163
162
168
163
168
164
165
164
169
165
169
170
166
165
170
166
170
171
168
167
172
168
172
173
164
168
173
164
173
169
174
175
176
174
176
177
178
174
177
178
177
179
180
178
179
180
179
181
175
182
183
175
183
176
177
176
184
177
184
185
179
177
185
179
185
186
181
179
186
181
186
187
176
183
188
176
188
184
187
186
189
187
189
190
184
188
191
184
191
192
185
184
192
185
192
193
186
185
193
186
193
189
190
189
194
190
194
195
192
191
196
192
196
197
193
192
197
193
197
198
189
193
198
189
198
194
199
200
201
199
201
202
203
199
202
203
202
204
205
206
207
205
207
208
200
205
208
200
208
201
202
201
209
202
209
210
204
202
210
204
210
211
208
207
212
208
212
213
201
208
213
201
213
209
209
213
214
209
214
215
210
209
215
210
215
216
211
210
216
211
216
217
213
212
218
213
218
214
131
219
132
132
219
137
137
219
143
143
219
148
150
220
151
151
220
161
161
220
167
167
220
172
182
221
183
183
221
188
188
221
191
191
221
196
206
222
207
207
222
212
212
222
218
214
218
223
214
223
224
215
214
224
215
224
225
216
215
225
216
225
226
218
222
223
217
216
226
217
226
227
