228
-0.080902
0.000000
-0.158780
-0.095106
0.000000
-0.130904
-0.087866
0.036396
-0.130904
-0.074744
0.030960
-0.158780
-0.058778
0.000000
-0.180904
-0.054304
0.022494
-0.180904
-0.030902
0.000000
-0.195108
-0.028550
0.011826
-0.195108
-0.100000
0.000000
-0.100002
-0.092388
0.038268
-0.100002
-0.067250
0.067250
-0.130904
-0.057206
0.057206
-0.158780
-0.041562
0.041562
-0.180904
-0.021850
0.021850
-0.195108
-0.070710
0.070710
-0.100002
-0.036396
0.087866
-0.130904
-0.030960
0.074744
-0.158780
-0.022494
0.054304
-0.180904
-0.011826
0.028550
-0.195108
-0.038268
0.092388
-0.100002
0.000000
0.100000
-0.100002
0.000000
0.095106
-0.130904
0.000000
0.080902
-0.158780
0.000000
0.058778
-0.180904
0.000000
0.030902
-0.195108
0.000000
0.030902
-0.195108
0.000000
0.058778
-0.180904
0.022494
0.054304
-0.180904
0.011826
0.028550
-0.195108
0.000000
0.095106
-0.130904
0.000000
0.100000
-0.100002
0.038268
0.092388
-0.100002
0.036396
0.087866
-0.130904
0.000000
0.080902
-0.158780
0.030960
0.074744
-0.158780
0.057206
0.057206
-0.158780
0.041562
0.041562
-0.180904
0.021850
0.021850
-0.195108
0.070710
0.070710
-0.100002
0.067250
0.067250
-0.130904
0.074744
0.030960
-0.158780
0.054304
0.022494
-0.180904
0.028550
0.011826
-0.195108
0.092388
0.038268
-0.100002
0.087866
0.036396
-0.130904
0.095106
0.000000
-0.130904
0.080902
0.000000
-0.158780
0.058778
0.000000
-0.180904
0.030902
0.000000
-0.195108
0.100000
0.000000
-0.100002
0.080902
0.000000
-0.158780
0.095106
0.000000
-0.130904
0.087866
-0.036396
-0.130904
0.074744
-0.030960
-0.158780
0.058778
0.000000
-0.180904
0.054304
-0.022494
-0.180904
0.030902
0.000000
-0.195108
0.028550
-0.011826
-0.195108
0.100000
0.000000
-0.100002
0.092388
-0.038268
-0.100002
0.041562
-0.041562
-0.180904
0.021850
-0.021850
-0.195108
0.070710
-0.070710
-0.100002
0.067250
-0.067250
-0.130904
0.057206
-0.057206
-0.158780
0.022494
-0.054304
-0.180904
0.011826
-0.028550
-0.195108
0.038268
-0.092388
-0.100002
0.036396
-0.087866
-0.130904
0.030960
-0.074744
-0.158780
0.000000
-0.080902
-0.158780
0.000000
-0.058778
-0.180904
0.000000
-0.030902
-0.195108
0.000000
-0.100000
-0.100002
0.000000
-0.095106
-0.130904
0.000000
-0.058778
-0.180904
0.000000
-0.080902
-0.158780
-0.030960
-0.074744
-0.158780
-0.022494
-0.054304
-0.180904
0.000000
-0.030902
-0.195108
-0.011826
-0.028550
-0.195108
0.000000
-0.095106
-0.130904
0.000000
-0.100000
-0.100002
-0.038268
-0.092388
-0.100002
-0.036396
-0.087866
-0.130904
-0.067250
-0.067250
-0.130904
-0.057206
-0.057206
-0.158780
-0.041562
-0.041562
-0.180904
-0.021850
-0.021850
-0.195108
-0.070710
-0.070710
-0.100002
-0.092388
-0.038268
-0.100002
-0.087866
-0.036396
-0.130904
-0.074744
-0.030960
-0.158780
-0.054304
-0.022494
-0.180904
-0.028550
-0.011826
-0.195108
0.000000
0.000000
-0.200002
0.000000
0.000000
-0.200002
0.070710
-0.070710
0.100001
0.038268
-0.092388
0.100001
-0.038268
-0.092388
0.100001
-0.070710
-0.070710
0.100001
-0.100000
0.000000
0.100001
-0.092388
0.038268
0.100001
-0.038268
0.092388
0.100001
0.000000
0.100000
0.100001
0.000000
0.000000
-0.200002
-0.070710
0.070710
0.100001
0.070710
0.070710
0.100001
0.092388
0.038268
0.100001
0.000000
-0.100000
0.100001
0.100000
0.000000
0.100001
0.092388
-0.038268
0.100001
-0.100000
0.000000
-0.100002
-0.092388
-0.038268
0.100001
-0.100000
0.000000
0.100001
0.000000
0.000000
-0.200002
0.038268
0.092388
0.100001
0.000000
0.100000
0.100001
-0.058778
0.000000
-0.180904
-0.030902
0.000000
-0.195108
-0.095106
0.000000
-0.130904
0.000000
-0.100000
0.100001
-0.080902
0.000000
-0.158780
0.100000
0.000000
0.100001
-0.095106
-0.000000
0.130903
-0.080902
-0.000000
0.158779
-0.074744
0.030960
0.158779
-0.087866
0.036396
0.130903
-0.100000
0.000000
0.100001
-0.092388
0.038268
0.100001
-0.058778
-0.000000
0.180903
-0.030902
-0.000000
0.195107
-0.028550
0.011826
0.195107
-0.054304
0.022494
0.180903
-0.057206
0.057206
0.158779
-0.067250
0.067250
0.130903
-0.070710
0.070710
0.100001
-0.021850
0.021850
0.195107
-0.041562
0.041562
0.180903
-0.022494
0.054304
0.180903
-0.030960
0.074744
0.158779
-0.036396
0.087866
0.130903
-0.038268
0.092388
0.100001
-0.011826
0.028550
0.195107
0.000000
0.058778
0.180903
0.000000
0.080902
0.158779
0.000000
0.095106
0.130903
0.000000
0.100000
0.100001
0.000000
0.030902
0.195107
0.000000
0.058778
0.180903
0.000000
0.030902
0.195107
0.011826
0.028550
0.195107
0.022494
0.054304
0.180903
0.000000
0.080902
0.158779
0.030960
0.074744
0.158779
0.000000
0.095106
0.130903
0.036396
0.087866
0.130903
0.000000
0.100000
0.100001
0.038268
0.092388
0.100001
0.067250
0.067250
0.130903
0.070710
0.070710
0.100001
0.021850
0.021850
0.195107
0.041562
0.041562
0.180903
0.057206
0.057206
0.158779
0.074744
0.030960
0.158779
0.087866
0.036396
0.130903
0.092388
0.038268
0.100001
0.028550
0.011826
0.195107
0.054304
0.022494
0.180903
0.080902
-0.000000
0.158779
0.095106
-0.000000
0.130903
0.100000
0.000000
0.100001
0.030902
-0.000000
0.195107
0.058778
-0.000000
0.180903
0.080902
-0.000000
0.158779
0.058778
-0.000000
0.180903
0.054304
-0.022494
0.180903
0.074744
-0.030960
0.158779
0.095106
-0.000000
0.130903
0.087866
-0.036396
0.130903
0.100000
0.000000
0.100001
0.092388
-0.038268
0.100001
0.030902
-0.000000
0.195107
0.028550
-0.011826
0.195107
0.041562
-0.041562
0.180903
0.057206
-0.057206
0.158779
0.067250
-0.067250
0.130903
0.070710
-0.070710
0.100001
0.021850
-0.021850
0.195107
0.036396
-0.087866
0.130903
0.038268
-0.092388
0.100001
0.011826
-0.028550
0.195107
0.022494
-0.054304
0.180903
0.030960
-0.074744
0.158779
0.000000
-0.095106
0.130903
0.000000
-0.100000
0.100001
0.000000
-0.030902
0.195107
0.000000
-0.058778
0.180903
0.000000
-0.080902
0.158779
0.000000
-0.095106
0.130903
0.000000
-0.080902
0.158779
-0.030960
-0.074744
0.158779
-0.036396
-0.087866
0.130903
0.000000
-0.100000
0.100001
-0.038268
-0.092388
0.100001
0.000000
-0.058778
0.180903
0.000000
-0.030902
0.195107
-0.011826
-0.028550
0.195107
-0.022494
-0.054304
0.180903
-0.057206
-0.057206
0.158779
-0.067250
-0.067250
0.130903
-0.070710
-0.070710
0.100001
-0.021850
-0.021850
0.195107
-0.041562
-0.041562
0.180903
-0.054304
-0.022494
0.180903
-0.074744
-0.030960
0.158779
-0.087866
-0.036396
0.130903
-0.092388
-0.038268
0.100001
-0.028550
-0.011826
0.195107
0.000000
-0.000000
0.200001
0.000000
-0.000000
0.200001
0.000000
-0.000000
0.200001
0.000000
-0.000000
0.200001
-0.030902
-0.000000
0.195107
-0.058778
-0.000000
0.180903
-0.080902
-0.000000
0.158779
-0.095106
-0.000000
0.130903
-0.100000
0.000000
0.100001
