24
-0.577349
-0.577349
-0.577349
-0.577349
-0.577349
0.577349
-0.577349
0.577349
0.577349
-0.577349
0.577349
-0.577349
-0.577349
0.577349
-0.577349
-0.577349
0.577349
0.577349
0.577349
0.577349
0.577349
0.577349
0.577349
-0.577349
0.577349
0.577349
-0.577349
0.577349
0.577349
0.577349
0.577349
-0.577349
0.577349
0.577349
-0.577349
-0.577349
0.577349
-0.577349
-0.577349
0.577349
-0.577349
0.577349
-0.577349
-0.577349
0.577349
-0.577349
-0.577349
-0.577349
-0.577349
0.577349
-0.577349
0.577349
0.577349
-0.577349
0.577349
-0.577349
-0.577349
-0.577349
-0.577349
-0.577349
0.577349
0.577349
0.577349
-0.577349
0.577349
0.577349
-0.577349
-0.577349
0.577349
0.577349
-0.577349
0.577349
