24
-0.050000
-0.100000
-0.025000
-0.050000
-0.100000
0.025000
-0.050000
0.100000
0.025000
-0.050000
0.100000
-0.025000
-0.050000
0.100000
-0.025000
-0.050000
0.100000
0.025000
0.050000
0.100000
0.025000
0.050000
0.100000
-0.025000
0.050000
0.100000
-0.025000
0.050000
0.100000
0.025000
0.050000
-0.100000
0.025000
0.050000
-0.100000
-0.025000
0.050000
-0.100000
-0.025000
0.050000
-0.100000
0.025000
-0.050000
-0.100000
0.025000
-0.050000
-0.100000
-0.025000
-0.050000
0.100000
-0.025000
0.050000
0.100000
-0.025000
0.050000
-0.100000
-0.025000
-0.050000
-0.100000
-0.025000
0.050000
0.100000
0.025000
-0.050000
0.100000
0.025000
-0.050000
-0.100000
0.025000
0.050000
-0.100000
0.025000
