3
100
0
1
2
3
1
0
3
4
1
5
4
3
5
6
4
7
6
5
7
8
6
9
8
7
10
8
9
10
11
8
12
11
10
13
11
12
13
14
11
15
16
13
16
14
13
17
14
16
17
18
14
19
18
17
20
18
19
20
21
18
22
21
20
22
23
21
24
23
22
25
23
24
26
27
28
26
29
27
30
29
26
30
31
29
32
31
30
32
33
31
34
33
32
34
35
33
34
36
35
37
36
34
37
38
36
37
39
38
40
39
37
41
42
39
40
41
39
40
43
41
44
43
40
44
45
43
44
46
45
47
46
44
47
48
46
49
48
47
49
50
48
49
51
50
52
53
54
52
54
55
53
56
57
53
57
54
56
58
59
56
59
57
58
60
61
58
61
59
60
62
63
60
63
61
62
64
65
62
65
63
64
66
67
64
67
65
66
68
69
66
69
67
68
70
71
68
71
69
70
72
73
70
73
71
72
74
75
72
75
73
74
76
77
74
77
75
76
78
79
76
79
77
78
80
81
78
81
79
80
82
83
80
83
81
82
84
85
82
85
83
84
86
87
84
87
85
86
88
89
86
89
87
88
90
91
88
91
89
90
92
93
90
93
91
92
94
95
92
95
93
94
96
97
94
97
95
96
98
99
96
99
97
98
100
101
98
101
99
100
102
103
100
103
101
102
52
55
102
55
103
