104
0.124422
0.174348
0.014500
0.186899
0.171935
0.014500
0.152250
0.178350
0.014500
0.100839
0.163038
0.014500
0.215424
0.153480
0.014500
0.082615
0.145464
0.014500
0.236918
0.124166
0.014500
0.070864
0.122670
0.014500
0.250479
0.085179
0.014500
0.066700
0.095700
0.014500
0.070052
0.069020
0.014500
0.255200
0.037700
0.014500
0.079599
0.046864
0.014500
0.094575
0.029928
0.014500
0.248553
-0.012690
0.014500
0.114214
0.018908
0.014500
0.137750
0.014500
0.014500
0.141926
-0.018920
0.014500
0.228474
-0.062315
0.014500
0.138794
-0.054497
0.014500
0.128354
-0.089169
0.014500
0.194752
-0.107625
0.014500
0.110606
-0.119874
0.014500
0.147181
-0.145070
0.014500
0.085550
-0.143550
0.014500
0.085550
-0.171100
0.014500
0.186899
0.171935
-0.014500
0.124422
0.174348
-0.014500
0.152250
0.178350
-0.014500
0.100839
0.163038
-0.014500
0.215424
0.153480
-0.014500
0.082615
0.145464
-0.014500
0.236918
0.124166
-0.014500
0.070864
0.122670
-0.014500
0.250479
0.085179
-0.014500
0.066700
0.095700
-0.014500
0.070052
0.069020
-0.014500
0.255200
0.037700
-0.014500
0.079599
0.046864
-0.014500
0.094575
0.029928
-0.014500
0.248553
-0.012690
-0.014500
0.137750
0.014500
-0.014500
0.114214
0.018908
-0.014500
0.141926
-0.018920
-0.014500
0.228474
-0.062315
-0.014500
0.138794
-0.054497
-0.014500
0.128354
-0.089169
-0.014500
0.194752
-0.107625
-0.014500
0.110606
-0.119874
-0.014500
0.147181
-0.145070
-0.014500
0.085550
-0.143550
-0.014500
0.085550
-0.171100
-0.014500
0.110606
-0.119874
0.014500
0.128354
-0.089169
0.014500
0.128354
-0.089169
-0.014500
0.110606
-0.119874
-0.014500
0.138794
-0.054497
0.014500
0.138794
-0.054497
-0.014500
0.141926
-0.018920
0.014500
0.141926
-0.018920
-0.014500
0.137750
0.014500
0.014500
0.137750
0.014500
-0.014500
0.114214
0.018908
0.014500
0.114214
0.018908
-0.014500
0.094575
0.029928
0.014500
0.094575
0.029928
-0.014500
0.079599
0.046864
0.014500
0.079599
0.046864
-0.014500
0.070052
0.069020
0.014500
0.070052
0.069020
-0.014500
0.066700
0.095700
0.014500
0.066700
0.095700
-0.014500
0.070864
0.122670
0.014500
0.070864
0.122670
-0.014500
0.082615
0.145464
0.014500
0.082615
0.145464
-0.014500
0.100839
0.163038
0.014500
0.100839
0.163038
-0.014500
0.124422
0.174348
0.014500
0.124422
0.174348
-0.014500
0.152250
0.178350
0.014500
0.152250
0.178350
-0.014500
0.186899
0.171935
0.014500
0.186899
0.171935
-0.014500
0.215424
0.153480
0.014500
0.215424
0.153480
-0.014500
0.236918
0.124166
0.014500
0.236918
0.124166
-0.014500
0.250479
0.085179
0.014500
0.250479
0.085179
-0.014500
0.255200
0.037700
0.014500
0.255200
0.037700
-0.014500
0.248553
-0.012690
0.014500
0.248553
-0.012690
-0.014500
0.228474
-0.062315
0.014500
0.228474
-0.062315
-0.014500
0.194752
-0.107625
0.014500
0.194752
-0.107625
-0.014500
0.147181
-0.145070
0.014500
0.147181
-0.145070
-0.014500
0.085550
-0.171100
0.014500
0.085550
-0.171100
-0.014500
0.085550
-0.143550
0.014500
0.085550
-0.143550
-0.014500
