168
0.272148
0.648208
0.014500
0.423922
0.662070
0.014500
0.381350
0.664100
0.014500
0.462318
0.656212
0.014500
0.498278
0.646874
0.014500
0.182851
0.602388
0.014500
0.533542
0.634404
0.014500
0.569850
0.619150
0.014500
0.456472
0.536941
0.014500
0.490900
0.525155
0.014500
0.528183
0.506966
0.014500
0.569850
0.481400
0.014500
0.115965
0.529424
0.014500
0.390050
0.545200
0.014500
0.423365
0.543298
0.014500
0.324290
0.534946
0.014500
0.269387
0.505621
0.014500
0.073996
0.432100
0.014500
0.227499
0.459383
0.014500
0.200784
0.398390
0.014500
0.059450
0.313200
0.014500
0.191400
0.324800
0.014500
0.201515
0.250548
0.014500
0.075180
0.205772
0.014500
0.230562
0.190495
0.014500
0.119863
0.115675
0.014500
0.276590
0.145963
0.014500
0.546638
0.136590
0.014500
0.584350
0.024650
0.014500
0.584350
0.152250
0.014500
0.337653
0.118274
0.014500
0.511293
0.124410
0.014500
0.477549
0.115710
0.014500
0.411800
0.108750
0.014500
0.444640
0.110490
0.014500
0.189741
0.046667
0.014500
0.281056
0.002506
0.014500
0.553981
0.012934
0.014500
0.516792
0.002610
0.014500
0.475356
-0.005626
0.014500
0.390050
-0.013050
0.014500
0.432251
-0.011078
0.014500
0.423922
0.662070
-0.014500
0.272148
0.648208
-0.014500
0.381350
0.664100
-0.014500
0.462318
0.656212
-0.014500
0.498278
0.646874
-0.014500
0.182851
0.602388
-0.014500
0.533542
0.634404
-0.014500
0.569850
0.619150
-0.014500
0.456472
0.536941
-0.014500
0.490900
0.525155
-0.014500
0.528183
0.506966
-0.014500
0.569850
0.481400
-0.014500
0.390050
0.545200
-0.014500
0.115965
0.529424
-0.014500
0.423365
0.543298
-0.014500
0.324290
0.534946
-0.014500
0.269387
0.505621
-0.014500
0.073996
0.432100
-0.014500
0.227499
0.459383
-0.014500
0.200784
0.398390
-0.014500
0.059450
0.313200
-0.014500
0.191400
0.324800
-0.014500
0.201515
0.250548
-0.014500
0.075180
0.205772
-0.014500
0.230562
0.190495
-0.014500
0.119863
0.115675
-0.014500
0.276590
0.145963
-0.014500
0.584350
0.024650
-0.014500
0.546638
0.136590
-0.014500
0.584350
0.152250
-0.014500
0.337653
0.118274
-0.014500
0.511293
0.124410
-0.014500
0.477549
0.115710
-0.014500
0.411800
0.108750
-0.014500
0.444640
0.110490
-0.014500
0.189741
0.046667
-0.014500
0.281056
0.002506
-0.014500
0.553981
0.012934
-0.014500
0.516792
0.002610
-0.014500
0.475356
-0.005626
-0.014500
0.390050
-0.013050
-0.014500
0.432251
-0.011078
-0.014500
0.528183
0.506966
0.014500
0.490900
0.525155
0.014500
0.490900
0.525155
-0.014500
0.528183
0.506966
-0.014500
0.456472
0.536941
0.014500
0.456472
0.536941
-0.014500
0.423365
0.543298
0.014500
0.423365
0.543298
-0.014500
0.390050
0.545200
0.014500
0.390050
0.545200
-0.014500
0.324290
0.534946
0.014500
0.324290
0.534946
-0.014500
0.269387
0.505621
0.014500
0.269387
0.505621
-0.014500
0.227499
0.459383
0.014500
0.227499
0.459383
-0.014500
0.200784
0.398390
0.014500
0.200784
0.398390
-0.014500
0.191400
0.324800
0.014500
0.191400
0.324800
-0.014500
0.201515
0.250548
0.014500
0.201515
0.250548
-0.014500
0.230562
0.190495
0.014500
0.230562
0.190495
-0.014500
0.276590
0.145963
0.014500
0.276590
0.145963
-0.014500
0.337653
0.118274
0.014500
0.337653
0.118274
-0.014500
0.411800
0.108750
0.014500
0.411800
0.108750
-0.014500
0.444640
0.110490
0.014500
0.444640
0.110490
-0.014500
0.477549
0.115710
0.014500
0.477549
0.115710
-0.014500
0.511293
0.124410
0.014500
0.511293
0.124410
-0.014500
0.546638
0.136590
0.014500
0.546638
0.136590
-0.014500
0.584350
0.152250
0.014500
0.584350
0.152250
-0.014500
0.584350
0.024650
0.014500
0.584350
0.024650
-0.014500
0.553981
0.012934
0.014500
0.553981
0.012934
-0.014500
0.516792
0.002610
0.014500
0.516792
0.002610
-0.014500
0.475356
-0.005626
0.014500
0.475356
-0.005626
-0.014500
0.432251
-0.011078
0.014500
0.432251
-0.011078
-0.014500
0.390050
-0.013050
0.014500
0.390050
-0.013050
-0.014500
0.281056
0.002506
0.014500
0.281056
0.002506
-0.014500
0.189741
0.046667
0.014500
0.189741
0.046667
-0.014500
0.119863
0.115675
0.014500
0.119863
0.115675
-0.014500
0.075180
0.205772
0.014500
0.075180
0.205772
-0.014500
0.059450
0.313200
0.014500
0.059450
0.313200
-0.014500
0.073996
0.432100
0.014500
0.073996
0.432100
-0.014500
0.115965
0.529424
0.014500
0.115965
0.529424
-0.014500
0.182851
0.602388
0.014500
0.182851
0.602388
-0.014500
0.272148
0.648208
0.014500
0.272148
0.648208
-0.014500
0.381350
0.664100
0.014500
0.381350
0.664100
-0.014500
0.423922
0.662070
0.014500
0.423922
0.662070
-0.014500
0.462318
0.656212
0.014500
0.462318
0.656212
-0.014500
0.498278
0.646874
0.014500
0.498278
0.646874
-0.014500
0.533542
0.634404
0.014500
0.533542
0.634404
-0.014500
0.569850
0.619150
0.014500
0.569850
0.619150
-0.014500
0.569850
0.481400
0.014500
0.569850
0.481400
-0.014500
