144
0.252648
0.626690
0.014500
0.642350
0.651050
0.014500
0.404550
0.651050
0.014500
0.513300
0.535050
0.014500
0.642350
-0.333500
0.014500
0.150858
0.564746
0.014500
0.089784
0.481922
0.014500
0.334300
0.527081
0.014500
0.395850
0.535050
0.014500
0.513300
0.124700
0.014500
0.276857
0.502616
0.014500
0.229019
0.460822
0.014500
0.060030
0.394922
0.014500
0.196284
0.400861
0.014500
0.184150
0.321900
0.014500
0.052200
0.320450
0.014500
0.194161
0.249934
0.014500
0.068069
0.210598
0.014500
0.222476
0.187781
0.014500
0.113030
0.118494
0.014500
0.266522
0.138991
0.014500
0.323721
0.107114
0.014500
0.489497
0.114446
0.014500
0.183118
0.047966
0.014500
0.465206
0.106349
0.014500
0.513300
0.010150
0.014500
0.391500
0.095700
0.014500
0.440638
0.100479
0.014500
0.415999
0.096906
0.014500
0.274363
0.002842
0.014500
0.484834
0.002169
0.014500
0.513300
-0.333500
0.014500
0.382800
-0.013050
0.014500
0.457133
-0.004280
0.014500
0.430615
-0.009060
0.014500
0.405698
-0.012029
0.014500
0.642350
0.651050
-0.014500
0.252648
0.626690
-0.014500
0.404550
0.651050
-0.014500
0.513300
0.535050
-0.014500
0.642350
-0.333500
-0.014500
0.150858
0.564746
-0.014500
0.334300
0.527081
-0.014500
0.089784
0.481922
-0.014500
0.395850
0.535050
-0.014500
0.513300
0.124700
-0.014500
0.276857
0.502616
-0.014500
0.229019
0.460822
-0.014500
0.060030
0.394922
-0.014500
0.196284
0.400861
-0.014500
0.184150
0.321900
-0.014500
0.052200
0.320450
-0.014500
0.194161
0.249934
-0.014500
0.068069
0.210598
-0.014500
0.222476
0.187781
-0.014500
0.113030
0.118494
-0.014500
0.266522
0.138991
-0.014500
0.323721
0.107114
-0.014500
0.489497
0.114446
-0.014500
0.183118
0.047966
-0.014500
0.513300
0.010150
-0.014500
0.465206
0.106349
-0.014500
0.391500
0.095700
-0.014500
0.440638
0.100479
-0.014500
0.415999
0.096906
-0.014500
0.274363
0.002842
-0.014500
0.484834
0.002169
-0.014500
0.513300
-0.333500
-0.014500
0.382800
-0.013050
-0.014500
0.457133
-0.004280
-0.014500
0.430615
-0.009060
-0.014500
0.405698
-0.012029
-0.014500
0.484834
0.002169
0.014500
0.457133
-0.004280
0.014500
0.457133
-0.004280
-0.014500
0.484834
0.002169
-0.014500
0.430615
-0.009060
0.014500
0.430615
-0.009060
-0.014500
0.405698
-0.012029
0.014500
0.405698
-0.012029
-0.014500
0.382800
-0.013050
0.014500
0.382800
-0.013050
-0.014500
0.274363
0.002842
0.014500
0.274363
0.002842
-0.014500
0.183118
0.047966
0.014500
0.183118
0.047966
-0.014500
0.113030
0.118494
0.014500
0.113030
0.118494
-0.014500
0.068069
0.210598
0.014500
0.068069
0.210598
-0.014500
0.052200
0.320450
0.014500
0.052200
0.320450
-0.014500
0.060030
0.394922
0.014500
0.060030
0.394922
-0.014500
0.089784
0.481922
0.014500
0.089784
0.481922
-0.014500
0.150858
0.564746
0.014500
0.150858
0.564746
-0.014500
0.252648
0.626690
0.014500
0.252648
0.626690
-0.014500
0.404550
0.651050
0.014500
0.404550
0.651050
-0.014500
0.642350
0.651050
0.014500
0.642350
0.651050
-0.014500
0.642350
-0.333500
0.014500
0.642350
-0.333500
-0.014500
0.513300
-0.333500
0.014500
0.513300
-0.333500
-0.014500
0.513300
0.010150
0.014500
0.513300
0.010150
-0.014500
0.334300
0.527081
0.014500
0.276857
0.502616
0.014500
0.276857
0.502616
-0.014500
0.334300
0.527081
-0.014500
0.229019
0.460822
0.014500
0.229019
0.460822
-0.014500
0.196284
0.400861
0.014500
0.196284
0.400861
-0.014500
0.184150
0.321900
0.014500
0.184150
0.321900
-0.014500
0.194161
0.249934
0.014500
0.194161
0.249934
-0.014500
0.222476
0.187781
0.014500
0.222476
0.187781
-0.014500
0.266522
0.138991
0.014500
0.266522
0.138991
-0.014500
0.323721
0.107114
0.014500
0.323721
0.107114
-0.014500
0.391500
0.095700
0.014500
0.391500
0.095700
-0.014500
0.415999
0.096906
0.014500
0.415999
0.096906
-0.014500
0.440638
0.100479
0.014500
0.440638
0.100479
-0.014500
0.465206
0.106349
0.014500
0.465206
0.106349
-0.014500
0.489497
0.114446
0.014500
0.489497
0.114446
-0.014500
0.513300
0.124700
0.014500
0.513300
0.124700
-0.014500
0.513300
0.535050
0.014500
0.513300
0.535050
-0.014500
0.395850
0.535050
0.014500
0.395850
0.535050
-0.014500
