144
0.088450
0.374100
0.014500
0.230550
0.988900
0.014500
0.088450
0.988900
0.014500
0.230550
0.404550
0.014500
0.797500
0.413250
0.014500
0.939600
0.988900
0.014500
0.797500
0.988900
0.014500
0.939600
0.388600
0.014500
0.795888
0.360018
0.014500
0.232418
0.344880
0.014500
0.922165
0.253843
0.014500
0.111232
0.230272
0.014500
0.790169
0.311727
0.014500
0.238531
0.297807
0.014500
0.779021
0.268447
0.014500
0.249655
0.260269
0.014500
0.761123
0.230248
0.014500
0.266556
0.229204
0.014500
0.869722
0.142610
0.014500
0.173269
0.121313
0.014500
0.735150
0.197200
0.014500
0.290000
0.201550
0.014500
0.325670
0.171088
0.014500
0.704201
0.171645
0.014500
0.665388
0.149710
0.014500
0.364820
0.147517
0.014500
0.618848
0.132576
0.014500
0.407450
0.130767
0.014500
0.782060
0.058592
0.014500
0.564723
0.121429
0.014500
0.453560
0.120768
0.014500
0.503150
0.117450
0.014500
0.265095
0.045553
0.014500
0.658973
0.005475
0.014500
0.377244
0.001322
0.014500
0.500250
-0.013050
0.014500
0.230550
0.988900
-0.014500
0.088450
0.374100
-0.014500
0.088450
0.988900
-0.014500
0.230550
0.404550
-0.014500
0.939600
0.988900
-0.014500
0.797500
0.413250
-0.014500
0.797500
0.988900
-0.014500
0.939600
0.388600
-0.014500
0.795888
0.360018
-0.014500
0.232418
0.344880
-0.014500
0.922165
0.253843
-0.014500
0.111232
0.230272
-0.014500
0.790169
0.311727
-0.014500
0.238531
0.297807
-0.014500
0.779021
0.268447
-0.014500
0.249655
0.260269
-0.014500
0.761123
0.230248
-0.014500
0.266556
0.229204
-0.014500
0.869722
0.142610
-0.014500
0.173269
0.121313
-0.014500
0.735150
0.197200
-0.014500
0.290000
0.201550
-0.014500
0.325670
0.171088
-0.014500
0.704201
0.171645
-0.014500
0.665388
0.149710
-0.014500
0.364820
0.147517
-0.014500
0.618848
0.132576
-0.014500
0.407450
0.130767
-0.014500
0.782060
0.058592
-0.014500
0.564723
0.121429
-0.014500
0.453560
0.120768
-0.014500
0.503150
0.117450
-0.014500
0.265095
0.045553
-0.014500
0.658973
0.005475
-0.014500
0.377244
0.001322
-0.014500
0.500250
-0.013050
-0.014500
0.922165
0.253843
0.014500
0.869722
0.142610
0.014500
0.869722
0.142610
-0.014500
0.922165
0.253843
-0.014500
0.782060
0.058592
0.014500
0.782060
0.058592
-0.014500
0.658973
0.005475
0.014500
0.658973
0.005475
-0.014500
0.500250
-0.013050
0.014500
0.500250
-0.013050
-0.014500
0.377244
0.001322
0.014500
0.377244
0.001322
-0.014500
0.265095
0.045553
0.014500
0.265095
0.045553
-0.014500
0.173269
0.121313
0.014500
0.173269
0.121313
-0.014500
0.111232
0.230272
0.014500
0.111232
0.230272
-0.014500
0.088450
0.374100
0.014500
0.088450
0.374100
-0.014500
0.088450
0.988900
0.014500
0.088450
0.988900
-0.014500
0.230550
0.988900
0.014500
0.230550
0.988900
-0.014500
0.230550
0.404550
0.014500
0.230550
0.404550
-0.014500
0.232418
0.344880
0.014500
0.232418
0.344880
-0.014500
0.238531
0.297807
0.014500
0.238531
0.297807
-0.014500
0.249655
0.260269
0.014500
0.249655
0.260269
-0.014500
0.266556
0.229204
0.014500
0.266556
0.229204
-0.014500
0.290000
0.201550
0.014500
0.290000
0.201550
-0.014500
0.325670
0.171088
0.014500
0.325670
0.171088
-0.014500
0.364820
0.147517
0.014500
0.364820
0.147517
-0.014500
0.407450
0.130767
0.014500
0.407450
0.130767
-0.014500
0.453560
0.120768
0.014500
0.453560
0.120768
-0.014500
0.503150
0.117450
0.014500
0.503150
0.117450
-0.014500
0.564723
0.121429
0.014500
0.564723
0.121429
-0.014500
0.618848
0.132576
0.014500
0.618848
0.132576
-0.014500
0.665388
0.149710
0.014500
0.665388
0.149710
-0.014500
0.704201
0.171645
0.014500
0.704201
0.171645
-0.014500
0.735150
0.197200
0.014500
0.735150
0.197200
-0.014500
0.761123
0.230248
0.014500
0.761123
0.230248
-0.014500
0.779021
0.268447
0.014500
0.779021
0.268447
-0.014500
0.790169
0.311727
0.014500
0.790169
0.311727
-0.014500
0.795888
0.360018
0.014500
0.795888
0.360018
-0.014500
0.797500
0.413250
0.014500
0.797500
0.413250
-0.014500
0.797500
0.988900
0.014500
0.797500
0.988900
-0.014500
0.939600
0.988900
0.014500
0.939600
0.988900
-0.014500
0.939600
0.388600
0.014500
0.939600
0.388600
-0.014500
