3
84
0
1
2
0
3
1
0
4
3
5
4
0
5
6
4
7
6
5
8
6
7
8
9
6
10
9
8
10
11
9
12
11
10
12
13
11
12
14
13
15
14
12
15
16
14
17
16
15
18
16
17
18
19
16
20
19
18
20
21
19
22
23
24
25
23
22
26
23
25
26
27
23
28
27
26
28
29
27
28
30
29
31
30
28
31
32
30
33
32
31
33
34
32
35
34
33
36
34
35
36
37
34
38
37
36
38
39
37
38
40
39
41
40
38
41
42
40
43
42
41
44
45
46
44
46
47
45
48
49
45
49
46
48
50
51
48
51
49
50
52
53
50
53
51
52
54
55
52
55
53
54
56
57
54
57
55
56
58
59
56
59
57
58
60
61
58
61
59
60
62
63
60
63
61
62
64
65
62
65
63
64
66
67
64
67
65
66
68
69
66
69
67
68
70
71
68
71
69
70
72
73
70
73
71
72
74
75
72
75
73
74
76
77
74
77
75
76
78
79
76
79
77
78
80
81
78
81
79
80
82
83
80
83
81
82
84
85
82
85
83
84
86
87
84
87
85
86
44
47
86
47
87
