88
0.093125
0.889998
0.014500
0.094250
1.006300
0.014500
0.017400
1.006300
0.014500
0.189764
0.894314
0.014500
0.267809
0.766737
0.014500
0.151658
0.765275
0.014500
0.326227
0.628163
0.014500
0.193210
0.631713
0.014500
0.217987
0.488894
0.014500
0.362860
0.483186
0.014500
0.226200
0.336400
0.014500
0.375550
0.336400
0.014500
0.217987
0.183906
0.014500
0.362860
0.189614
0.014500
0.326227
0.044637
0.014500
0.193210
0.041087
0.014500
0.267809
-0.093937
0.014500
0.151658
-0.092475
0.014500
0.093125
-0.217198
0.014500
0.189764
-0.221514
0.014500
0.017400
-0.333500
0.014500
0.094250
-0.333500
0.014500
0.094250
1.006300
-0.014500
0.093125
0.889998
-0.014500
0.017400
1.006300
-0.014500
0.189764
0.894314
-0.014500
0.267809
0.766737
-0.014500
0.151658
0.765275
-0.014500
0.326227
0.628163
-0.014500
0.193210
0.631713
-0.014500
0.217987
0.488894
-0.014500
0.362860
0.483186
-0.014500
0.226200
0.336400
-0.014500
0.375550
0.336400
-0.014500
0.217987
0.183906
-0.014500
0.362860
0.189614
-0.014500
0.326227
0.044637
-0.014500
0.193210
0.041087
-0.014500
0.267809
-0.093937
-0.014500
0.151658
-0.092475
-0.014500
0.093125
-0.217198
-0.014500
0.189764
-0.221514
-0.014500
0.017400
-0.333500
-0.014500
0.094250
-0.333500
-0.014500
0.094250
1.006300
0.014500
0.189764
0.894314
0.014500
0.189764
0.894314
-0.014500
0.094250
1.006300
-0.014500
0.267809
0.766737
0.014500
0.267809
0.766737
-0.014500
0.326227
0.628163
0.014500
0.326227
0.628163
-0.014500
0.362860
0.483186
0.014500
0.362860
0.483186
-0.014500
0.375550
0.336400
0.014500
0.375550
0.336400
-0.014500
0.362860
0.189614
0.014500
0.362860
0.189614
-0.014500
0.326227
0.044637
0.014500
0.326227
0.044637
-0.014500
0.267809
-0.093937
0.014500
0.267809
-0.093937
-0.014500
0.189764
-0.221514
0.014500
0.189764
-0.221514
-0.014500
0.094250
-0.333500
0.014500
0.094250
-0.333500
-0.014500
0.017400
-0.333500
0.014500
0.017400
-0.333500
-0.014500
0.093125
-0.217198
0.014500
0.093125
-0.217198
-0.014500
0.151658
-0.092475
0.014500
0.151658
-0.092475
-0.014500
0.193210
0.041087
0.014500
0.193210
0.041087
-0.014500
0.217987
0.183906
0.014500
0.217987
0.183906
-0.014500
0.226200
0.336400
0.014500
0.226200
0.336400
-0.014500
0.217987
0.488894
0.014500
0.217987
0.488894
-0.014500
0.193210
0.631713
0.014500
0.193210
0.631713
-0.014500
0.151658
0.765275
0.014500
0.151658
0.765275
-0.014500
0.093125
0.889998
0.014500
0.093125
0.889998
-0.014500
0.017400
1.006300
0.014500
0.017400
1.006300
-0.014500
