3
144
0
1
2
0
3
1
4
5
6
4
7
5
4
8
7
4
9
8
10
9
4
10
0
9
10
11
0
11
12
0
12
13
0
13
3
0
14
15
10
15
16
10
16
17
10
17
11
10
14
18
15
14
19
18
20
19
14
21
3
13
20
22
19
20
23
22
24
23
20
24
25
23
26
25
24
26
27
25
26
28
27
29
28
26
29
30
28
29
31
30
32
31
29
32
33
31
32
21
33
32
3
21
34
3
32
35
3
34
36
37
38
39
37
36
40
41
42
43
41
40
44
41
43
45
41
44
45
46
41
37
46
45
47
46
37
48
47
37
49
48
37
39
49
37
50
51
46
52
50
46
53
52
46
47
53
46
54
51
50
55
51
54
55
56
51
39
57
49
58
56
55
59
56
58
59
60
56
61
60
59
61
62
60
63
62
61
64
62
63
64
65
62
66
65
64
67
65
66
67
68
65
69
68
67
57
68
69
39
68
57
39
70
68
39
71
70
72
73
74
72
74
75
73
76
77
73
77
74
76
78
79
76
79
77
78
80
81
78
81
79
80
82
83
80
83
81
82
84
85
82
85
83
84
86
87
84
87
85
86
88
89
86
89
87
88
90
91
88
91
89
90
92
93
90
93
91
92
94
95
92
95
93
94
96
97
94
97
95
96
98
99
96
99
97
98
100
101
98
101
99
100
102
103
100
103
101
102
104
105
102
105
103
104
106
107
104
107
105
106
108
109
106
109
107
108
72
75
108
75
109
110
111
112
110
112
113
111
114
115
111
115
112
114
116
117
114
117
115
116
118
119
116
119
117
118
120
121
118
121
119
120
122
123
120
123
121
122
124
125
122
125
123
124
126
127
124
127
125
126
128
129
126
129
127
128
130
131
128
131
129
130
132
133
130
133
131
132
134
135
132
135
133
134
136
137
134
137
135
136
138
139
136
139
137
138
140
141
138
141
139
140
142
143
140
143
141
142
110
113
142
113
143
