144
0.524900
0.638000
0.014500
0.653950
0.988900
0.014500
0.524900
0.988900
0.014500
0.653950
0.000000
0.014500
0.281880
0.648568
0.014500
0.414468
0.663195
0.014500
0.388600
0.664100
0.014500
0.440336
0.660342
0.014500
0.466900
0.655330
0.014500
0.494856
0.647953
0.014500
0.192212
0.604569
0.014500
0.476273
0.539644
0.014500
0.499856
0.532695
0.014500
0.524900
0.523450
0.014500
0.123424
0.536001
0.014500
0.404550
0.548100
0.014500
0.429594
0.547207
0.014500
0.453177
0.544434
0.014500
0.334950
0.537660
0.014500
0.277182
0.507732
0.014500
0.079344
0.446762
0.014500
0.524900
0.108750
0.014500
0.233334
0.460404
0.014500
0.205494
0.397764
0.014500
0.063800
0.340750
0.014500
0.195750
0.321900
0.014500
0.078022
0.225133
0.014500
0.202072
0.252961
0.014500
0.222662
0.194254
0.014500
0.119109
0.130604
0.014500
0.259956
0.148700
0.014500
0.316390
0.119225
0.014500
0.184695
0.059810
0.014500
0.394400
0.108750
0.014500
0.272414
0.015393
0.014500
0.379900
0.000000
0.014500
0.653950
0.988900
-0.014500
0.524900
0.638000
-0.014500
0.524900
0.988900
-0.014500
0.653950
0.000000
-0.014500
0.414468
0.663195
-0.014500
0.281880
0.648568
-0.014500
0.388600
0.664100
-0.014500
0.440336
0.660342
-0.014500
0.466900
0.655330
-0.014500
0.494856
0.647953
-0.014500
0.192212
0.604569
-0.014500
0.476273
0.539644
-0.014500
0.499856
0.532695
-0.014500
0.524900
0.523450
-0.014500
0.404550
0.548100
-0.014500
0.123424
0.536001
-0.014500
0.429594
0.547207
-0.014500
0.453177
0.544434
-0.014500
0.334950
0.537660
-0.014500
0.277182
0.507732
-0.014500
0.079344
0.446762
-0.014500
0.524900
0.108750
-0.014500
0.233334
0.460404
-0.014500
0.205494
0.397764
-0.014500
0.063800
0.340750
-0.014500
0.195750
0.321900
-0.014500
0.078022
0.225133
-0.014500
0.202072
0.252961
-0.014500
0.222662
0.194254
-0.014500
0.119109
0.130604
-0.014500
0.259956
0.148700
-0.014500
0.316390
0.119225
-0.014500
0.184695
0.059810
-0.014500
0.394400
0.108750
-0.014500
0.272414
0.015393
-0.014500
0.379900
0.000000
-0.014500
0.379900
0.000000
0.014500
0.272414
0.015393
0.014500
0.272414
0.015393
-0.014500
0.379900
0.000000
-0.014500
0.184695
0.059810
0.014500
0.184695
0.059810
-0.014500
0.119109
0.130604
0.014500
0.119109
0.130604
-0.014500
0.078022
0.225133
0.014500
0.078022
0.225133
-0.014500
0.063800
0.340750
0.014500
0.063800
0.340750
-0.014500
0.079344
0.446762
0.014500
0.079344
0.446762
-0.014500
0.123424
0.536001
0.014500
0.123424
0.536001
-0.014500
0.192212
0.604569
0.014500
0.192212
0.604569
-0.014500
0.281880
0.648568
0.014500
0.281880
0.648568
-0.014500
0.388600
0.664100
0.014500
0.388600
0.664100
-0.014500
0.414468
0.663195
0.014500
0.414468
0.663195
-0.014500
0.440336
0.660342
0.014500
0.440336
0.660342
-0.014500
0.466900
0.655330
0.014500
0.466900
0.655330
-0.014500
0.494856
0.647953
0.014500
0.494856
0.647953
-0.014500
0.524900
0.638000
0.014500
0.524900
0.638000
-0.014500
0.524900
0.988900
0.014500
0.524900
0.988900
-0.014500
0.653950
0.988900
0.014500
0.653950
0.988900
-0.014500
0.653950
0.000000
0.014500
0.653950
0.000000
-0.014500
0.499856
0.532695
0.014500
0.476273
0.539644
0.014500
0.476273
0.539644
-0.014500
0.499856
0.532695
-0.014500
0.453177
0.544434
0.014500
0.453177
0.544434
-0.014500
0.429594
0.547207
0.014500
0.429594
0.547207
-0.014500
0.404550
0.548100
0.014500
0.404550
0.548100
-0.014500
0.334950
0.537660
0.014500
0.334950
0.537660
-0.014500
0.277182
0.507732
0.014500
0.277182
0.507732
-0.014500
0.233334
0.460404
0.014500
0.233334
0.460404
-0.014500
0.205494
0.397764
0.014500
0.205494
0.397764
-0.014500
0.195750
0.321900
0.014500
0.195750
0.321900
-0.014500
0.202072
0.252961
0.014500
0.202072
0.252961
-0.014500
0.222662
0.194254
0.014500
0.222662
0.194254
-0.014500
0.259956
0.148700
0.014500
0.259956
0.148700
-0.014500
0.316390
0.119225
0.014500
0.316390
0.119225
-0.014500
0.394400
0.108750
0.014500
0.394400
0.108750
-0.014500
0.524900
0.108750
0.014500
0.524900
0.108750
-0.014500
0.524900
0.523450
0.014500
0.524900
0.523450
-0.014500
