3
76
0
1
2
3
1
0
3
4
1
5
4
3
5
6
4
7
6
5
7
8
6
9
8
7
9
10
8
11
10
9
11
12
10
13
12
11
13
14
12
15
14
13
15
16
14
17
16
15
17
18
16
19
18
17
20
21
22
20
23
21
24
23
20
24
25
23
26
25
24
26
27
25
28
27
26
28
29
27
30
29
28
30
31
29
32
31
30
32
33
31
34
33
32
34
35
33
36
35
34
36
37
35
38
37
36
38
39
37
40
41
42
40
42
43
41
44
45
41
45
42
44
46
47
44
47
45
46
48
49
46
49
47
48
50
51
48
51
49
50
52
53
50
53
51
52
54
55
52
55
53
54
56
57
54
57
55
56
58
59
56
59
57
58
60
61
58
61
59
60
62
63
60
63
61
62
64
65
62
65
63
64
66
67
64
67
65
66
68
69
66
69
67
68
70
71
68
71
69
70
72
73
70
73
71
72
74
75
72
75
73
74
76
77
74
77
75
76
78
79
76
79
77
78
40
43
78
43
79
