80
0.130628
0.156496
0.014500
0.185472
0.156496
0.014500
0.158050
0.160950
0.014500
0.106755
0.144107
0.014500
0.209345
0.144107
0.014500
0.087893
0.125245
0.014500
0.228207
0.125245
0.014500
0.075504
0.101372
0.014500
0.240596
0.101372
0.014500
0.071050
0.073950
0.014500
0.245050
0.073950
0.014500
0.075504
0.046528
0.014500
0.240596
0.046528
0.014500
0.087893
0.022655
0.014500
0.228207
0.022655
0.014500
0.106755
0.003793
0.014500
0.209345
0.003793
0.014500
0.130628
-0.008596
0.014500
0.185472
-0.008596
0.014500
0.158050
-0.013050
0.014500
0.185472
0.156496
-0.014500
0.130628
0.156496
-0.014500
0.158050
0.160950
-0.014500
0.106755
0.144107
-0.014500
0.209345
0.144107
-0.014500
0.087893
0.125245
-0.014500
0.228207
0.125245
-0.014500
0.075504
0.101372
-0.014500
0.240596
0.101372
-0.014500
0.071050
0.073950
-0.014500
0.245050
0.073950
-0.014500
0.075504
0.046528
-0.014500
0.240596
0.046528
-0.014500
0.087893
0.022655
-0.014500
0.228207
0.022655
-0.014500
0.106755
0.003793
-0.014500
0.209345
0.003793
-0.014500
0.130628
-0.008596
-0.014500
0.185472
-0.008596
-0.014500
0.158050
-0.013050
-0.014500
0.240596
0.046528
0.014500
0.228207
0.022655
0.014500
0.228207
0.022655
-0.014500
0.240596
0.046528
-0.014500
0.209345
0.003793
0.014500
0.209345
0.003793
-0.014500
0.185472
-0.008596
0.014500
0.185472
-0.008596
-0.014500
0.158050
-0.013050
0.014500
0.158050
-0.013050
-0.014500
0.130628
-0.008596
0.014500
0.130628
-0.008596
-0.014500
0.106755
0.003793
0.014500
0.106755
0.003793
-0.014500
0.087893
0.022655
0.014500
0.087893
0.022655
-0.014500
0.075504
0.046528
0.014500
0.075504
0.046528
-0.014500
0.071050
0.073950
0.014500
0.071050
0.073950
-0.014500
0.075504
0.101372
0.014500
0.075504
0.101372
-0.014500
0.087893
0.125245
0.014500
0.087893
0.125245
-0.014500
0.106755
0.144107
0.014500
0.106755
0.144107
-0.014500
0.130628
0.156496
0.014500
0.130628
0.156496
-0.014500
0.158050
0.160950
0.014500
0.158050
0.160950
-0.014500
0.185472
0.156496
0.014500
0.185472
0.156496
-0.014500
0.209345
0.144107
0.014500
0.209345
0.144107
-0.014500
0.228207
0.125245
0.014500
0.228207
0.125245
-0.014500
0.240596
0.101372
0.014500
0.240596
0.101372
-0.014500
0.245050
0.073950
0.014500
0.245050
0.073950
-0.014500
