48
0.363950
0.571300
0.014500
0.482850
0.854050
0.014500
0.363950
0.854050
0.014500
0.482850
0.571300
0.014500
0.081200
0.452400
0.014500
0.081200
0.571300
0.014500
0.765600
0.571300
0.014500
0.765600
0.452400
0.014500
0.363950
0.452400
0.014500
0.363950
0.169650
0.014500
0.482850
0.452400
0.014500
0.482850
0.169650
0.014500
0.482850
0.854050
-0.014500
0.363950
0.571300
-0.014500
0.363950
0.854050
-0.014500
0.482850
0.571300
-0.014500
0.081200
0.452400
-0.014500
0.081200
0.571300
-0.014500
0.765600
0.571300
-0.014500
0.765600
0.452400
-0.014500
0.363950
0.452400
-0.014500
0.482850
0.452400
-0.014500
0.363950
0.169650
-0.014500
0.482850
0.169650
-0.014500
0.482850
0.571300
0.014500
0.765600
0.571300
0.014500
0.765600
0.571300
-0.014500
0.482850
0.571300
-0.014500
0.765600
0.452400
0.014500
0.765600
0.452400
-0.014500
0.482850
0.452400
0.014500
0.482850
0.452400
-0.014500
0.482850
0.169650
0.014500
0.482850
0.169650
-0.014500
0.363950
0.169650
0.014500
0.363950
0.169650
-0.014500
0.363950
0.452400
0.014500
0.363950
0.452400
-0.014500
0.081200
0.452400
0.014500
0.081200
0.452400
-0.014500
0.081200
0.571300
0.014500
0.081200
0.571300
-0.014500
0.363950
0.571300
0.014500
0.363950
0.571300
-0.014500
0.363950
0.854050
0.014500
0.363950
0.854050
-0.014500
0.482850
0.854050
0.014500
0.482850
0.854050
-0.014500
