3
440
0
1
2
0
3
1
4
3
0
5
3
4
6
7
5
7
8
5
8
9
5
9
3
5
8
10
9
11
10
8
12
10
11
6
13
7
12
14
10
15
14
12
6
16
13
17
16
6
15
18
14
19
18
15
17
20
16
19
21
18
22
21
19
17
23
20
22
24
21
25
23
17
26
24
22
25
27
23
26
28
24
29
27
25
30
28
26
29
31
27
30
32
28
33
31
29
34
32
30
33
35
31
36
35
33
34
37
32
38
37
34
39
35
36
39
40
35
38
41
37
42
41
38
39
42
40
43
42
39
43
41
42
44
41
43
44
45
41
46
45
44
46
47
45
48
47
46
49
47
48
50
47
49
50
51
47
52
51
50
53
51
52
53
54
51
55
54
53
55
56
54
57
56
55
57
58
56
59
58
57
59
60
58
61
60
59
61
62
60
63
62
61
63
64
62
65
64
63
65
66
64
67
66
65
67
68
66
69
68
67
69
70
68
71
70
69
71
72
70
73
72
71
73
74
72
75
76
73
76
74
73
75
77
76
78
74
76
78
79
74
80
79
78
75
81
77
82
81
75
83
79
80
82
84
81
85
79
83
82
86
84
85
87
79
88
86
82
89
87
85
88
90
86
89
91
87
88
92
90
93
92
88
94
91
89
93
95
92
96
91
94
93
97
95
98
91
96
98
99
91
100
97
93
100
101
97
102
99
98
100
103
101
103
99
102
100
99
103
100
104
99
105
104
100
106
104
105
106
107
104
108
107
106
109
110
111
112
110
109
112
113
110
112
114
113
115
116
114
117
115
114
118
117
114
112
118
114
119
117
118
119
120
117
119
121
120
122
116
115
123
121
119
123
124
121
125
116
122
125
126
116
127
124
123
127
128
124
129
126
125
130
128
127
130
131
128
132
126
129
133
131
130
132
134
126
133
135
131
136
134
132
137
135
133
136
138
134
137
139
135
140
138
136
141
139
137
140
142
138
141
143
139
144
142
140
144
145
142
146
143
141
146
147
143
144
148
145
149
148
144
150
147
146
150
151
147
151
148
149
151
152
148
150
152
151
150
153
152
154
153
150
154
155
153
156
155
154
156
157
155
156
158
157
156
159
158
160
159
156
160
161
159
160
162
161
163
162
160
163
164
162
165
164
163
165
166
164
167
166
165
167
168
166
169
168
167
169
170
168
171
170
169
171
172
170
173
172
171
173
174
172
175
174
173
175
176
174
177
176
175
177
178
176
179
178
177
179
180
178
181
180
179
181
182
180
183
182
181
184
185
182
183
184
182
186
185
184
183
187
184
188
187
183
188
189
187
190
185
186
190
191
185
188
192
189
193
191
190
188
194
192
195
191
193
196
194
188
195
197
191
196
198
194
199
197
195
200
198
196
201
197
199
201
202
197
200
203
198
204
202
201
200
205
203
206
202
204
200
207
205
208
207
200
206
209
202
210
209
206
208
211
207
212
209
210
208
212
211
208
209
212
213
209
208
213
214
209
213
215
214
216
215
213
216
217
215
218
219
220
218
220
221
219
222
223
219
223
220
222
224
225
222
225
223
224
226
227
224
227
225
226
228
229
226
229
227
228
230
231
228
231
229
230
232
233
230
233
231
232
234
235
232
235
233
234
236
237
234
237
235
236
238
239
236
239
237
238
240
241
238
241
239
240
242
243
240
243
241
242
244
245
242
245
243
244
246
247
244
247
245
246
248
249
246
249
247
248
250
251
248
251
249
250
252
253
250
253
251
252
254
255
252
255
253
254
256
257
254
257
255
256
258
259
256
259
257
258
260
261
258
261
259
260
262
263
260
263
261
262
264
265
262
265
263
264
266
267
264
267
265
266
268
269
266
269
267
268
270
271
268
271
269
270
272
273
270
273
271
272
274
275
272
275
273
274
276
277
274
277
275
276
278
279
276
279
277
278
280
281
278
281
279
280
282
283
280
283
281
282
284
285
282
285
283
284
286
287
284
287
285
286
288
289
286
289
287
288
290
291
288
291
289
290
292
293
290
293
291
292
294
295
292
295
293
294
296
297
294
297
295
296
298
299
296
299
297
298
300
301
298
301
299
300
302
303
300
303
301
302
304
305
302
305
303
304
306
307
304
307
305
306
308
309
306
309
307
308
310
311
308
311
309
310
312
313
310
313
311
312
314
315
312
315
313
314
316
317
314
317
315
316
318
319
316
319
317
318
320
321
318
321
319
320
322
323
320
323
321
322
324
325
322
325
323
324
326
327
324
327
325
326
328
329
326
329
327
328
330
331
328
331
329
330
332
333
330
333
331
332
334
335
332
335
333
334
336
337
334
337
335
336
338
339
336
339
337
338
340
341
338
341
339
340
342
343
340
343
341
342
344
345
342
345
343
344
346
347
344
347
345
346
348
349
346
349
347
348
350
351
348
351
349
350
352
353
350
353
351
352
354
355
352
355
353
354
218
221
354
221
355
356
357
358
356
358
359
357
360
361
357
361
358
360
362
363
360
363
361
362
364
365
362
365
363
364
366
367
364
367
365
366
368
369
366
369
367
368
370
371
368
371
369
370
372
373
370
373
371
372
374
375
372
375
373
374
376
377
374
377
375
376
378
379
376
379
377
378
380
381
378
381
379
380
382
383
380
383
381
382
384
385
382
385
383
384
386
387
384
387
385
386
388
389
386
389
387
388
390
391
388
391
389
390
392
393
390
393
391
392
394
395
392
395
393
394
356
359
394
359
395
396
397
398
396
398
399
397
400
401
397
401
398
400
402
403
400
403
401
402
404
405
402
405
403
404
406
407
404
407
405
406
408
409
406
409
407
408
410
411
408
411
409
410
412
413
410
413
411
412
414
415
412
415
413
414
416
417
414
417
415
416
418
419
416
419
417
418
420
421
418
421
419
420
422
423
420
423
421
422
424
425
422
425
423
424
426
427
424
427
425
426
428
429
426
429
427
428
430
431
428
431
429
430
432
433
430
433
431
432
434
435
432
435
433
434
396
399
434
399
435
