436
0.245270
0.641039
0.014500
0.610450
0.651050
0.014500
0.342200
0.651050
0.014500
0.610450
0.551000
0.014500
0.166367
0.612028
0.014500
0.107509
0.565546
0.014500
0.070714
0.503127
0.014500
0.262346
0.533310
0.014500
0.303050
0.539400
0.014500
0.477050
0.551000
0.014500
0.503626
0.522023
0.014500
0.342339
0.533472
0.014500
0.376896
0.517035
0.014500
0.226931
0.516432
0.014500
0.522963
0.494926
0.014500
0.404422
0.492107
0.014500
0.198963
0.490854
0.014500
0.058000
0.426300
0.014500
0.535827
0.468106
0.014500
0.422623
0.460706
0.014500
0.180600
0.458664
0.014500
0.542984
0.439965
0.014500
0.429200
0.424850
0.014500
0.174000
0.421950
0.014500
0.545200
0.408900
0.014500
0.059392
0.398460
0.014500
0.423191
0.384900
0.014500
0.180055
0.382301
0.014500
0.541790
0.375991
0.014500
0.063568
0.372360
0.014500
0.406186
0.351283
0.014500
0.197386
0.349404
0.014500
0.532533
0.342942
0.014500
0.070528
0.348000
0.014500
0.379714
0.325461
0.014500
0.224738
0.324440
0.014500
0.080272
0.325380
0.014500
0.518891
0.311704
0.014500
0.345309
0.308896
0.014500
0.092800
0.304500
0.014500
0.260861
0.308595
0.014500
0.502326
0.284223
0.014500
0.304500
0.303050
0.014500
0.108982
0.284490
0.014500
0.127948
0.266220
0.014500
0.484300
0.262450
0.014500
0.149698
0.249690
0.014500
0.423446
0.221374
0.014500
0.174232
0.234900
0.014500
0.201550
0.221850
0.014500
0.201550
0.218950
0.014500
0.353823
0.201109
0.014500
0.166901
0.207768
0.014500
0.138376
0.192131
0.014500
0.288237
0.189057
0.014500
0.116882
0.172805
0.014500
0.239494
0.172620
0.014500
0.103321
0.150556
0.014500
0.220400
0.139200
0.014500
0.098600
0.126150
0.014500
0.228532
0.119039
0.014500
0.101071
0.109063
0.014500
0.252741
0.101454
0.014500
0.108622
0.092464
0.014500
0.292749
0.085538
0.014500
0.121464
0.076142
0.014500
0.348278
0.070389
0.014500
0.139803
0.059891
0.014500
0.419050
0.055100
0.014500
0.163850
0.043500
0.014500
0.492107
0.033605
0.014500
0.103379
0.023409
0.014500
0.545536
0.003202
0.014500
0.057316
-0.004130
0.014500
0.581288
-0.034580
0.014500
0.025102
-0.039602
0.014500
0.269700
-0.031900
0.014500
0.220910
-0.036586
0.014500
0.322492
-0.034823
0.014500
0.601309
-0.078207
0.014500
0.379181
-0.044846
0.014500
0.180055
-0.049903
0.014500
0.006183
-0.083497
0.014500
0.430789
-0.063846
0.014500
0.148805
-0.070737
0.014500
0.468338
-0.093705
0.014500
0.128830
-0.097974
0.014500
0.607550
-0.126150
0.014500
0.000000
-0.136300
0.014500
0.482850
-0.136300
0.014500
0.121800
-0.130500
0.014500
0.594094
-0.197270
0.014500
0.129375
-0.165961
0.014500
0.014372
-0.200796
0.014500
0.475008
-0.168931
0.014500
0.151774
-0.193906
0.014500
0.452133
-0.195158
0.014500
0.188512
-0.214124
0.014500
0.415199
-0.214496
0.014500
0.554886
-0.254887
0.014500
0.055123
-0.255200
0.014500
0.239099
-0.226409
0.014500
0.365180
-0.226455
0.014500
0.303050
-0.230550
0.014500
0.491666
-0.297679
0.014500
0.118703
-0.297076
0.014500
0.201562
-0.323988
0.014500
0.406174
-0.324324
0.014500
0.300150
-0.333500
0.014500
0.610450
0.651050
-0.014500
0.245270
0.641039
-0.014500
0.342200
0.651050
-0.014500
0.610450
0.551000
-0.014500
0.166367
0.612028
-0.014500
0.107509
0.565546
-0.014500
0.262346
0.533310
-0.014500
0.070714
0.503127
-0.014500
0.303050
0.539400
-0.014500
0.477050
0.551000
-0.014500
0.503626
0.522023
-0.014500
0.342339
0.533472
-0.014500
0.376896
0.517035
-0.014500
0.226931
0.516432
-0.014500
0.522963
0.494926
-0.014500
0.404422
0.492107
-0.014500
0.198963
0.490854
-0.014500
0.058000
0.426300
-0.014500
0.535827
0.468106
-0.014500
0.422623
0.460706
-0.014500
0.180600
0.458664
-0.014500
0.542984
0.439965
-0.014500
0.429200
0.424850
-0.014500
0.174000
0.421950
-0.014500
0.545200
0.408900
-0.014500
0.059392
0.398460
-0.014500
0.423191
0.384900
-0.014500
0.180055
0.382301
-0.014500
0.541790
0.375991
-0.014500
0.063568
0.372360
-0.014500
0.406186
0.351283
-0.014500
0.197386
0.349404
-0.014500
0.532533
0.342942
-0.014500
0.070528
0.348000
-0.014500
0.379714
0.325461
-0.014500
0.224738
0.324440
-0.014500
0.080272
0.325380
-0.014500
0.518891
0.311704
-0.014500
0.345309
0.308896
-0.014500
0.092800
0.304500
-0.014500
0.260861
0.308595
-0.014500
0.502326
0.284223
-0.014500
0.304500
0.303050
-0.014500
0.108982
0.284490
-0.014500
0.127948
0.266220
-0.014500
0.484300
0.262450
-0.014500
0.149698
0.249690
-0.014500
0.423446
0.221374
-0.014500
0.174232
0.234900
-0.014500
0.201550
0.221850
-0.014500
0.201550
0.218950
-0.014500
0.353823
0.201109
-0.014500
0.166901
0.207768
-0.014500
0.138376
0.192131
-0.014500
0.288237
0.189057
-0.014500
0.116882
0.172805
-0.014500
0.239494
0.172620
-0.014500
0.103321
0.150556
-0.014500
0.220400
0.139200
-0.014500
0.098600
0.126150
-0.014500
0.228532
0.119039
-0.014500
0.101071
0.109063
-0.014500
0.252741
0.101454
-0.014500
0.108622
0.092464
-0.014500
0.292749
0.085538
-0.014500
0.121464
0.076142
-0.014500
0.348278
0.070389
-0.014500
0.139803
0.059891
-0.014500
0.419050
0.055100
-0.014500
0.163850
0.043500
-0.014500
0.492107
0.033605
-0.014500
0.103379
0.023409
-0.014500
0.545536
0.003202
-0.014500
0.057316
-0.004130
-0.014500
0.581288
-0.034580
-0.014500
0.269700
-0.031900
-0.014500
0.025102
-0.039602
-0.014500
0.220910
-0.036586
-0.014500
0.322492
-0.034823
-0.014500
0.601309
-0.078207
-0.014500
0.379181
-0.044846
-0.014500
0.180055
-0.049903
-0.014500
0.006183
-0.083497
-0.014500
0.430789
-0.063846
-0.014500
0.148805
-0.070737
-0.014500
0.468338
-0.093705
-0.014500
0.128830
-0.097974
-0.014500
0.607550
-0.126150
-0.014500
0.000000
-0.136300
-0.014500
0.482850
-0.136300
-0.014500
0.121800
-0.130500
-0.014500
0.594094
-0.197270
-0.014500
0.129375
-0.165961
-0.014500
0.014372
-0.200796
-0.014500
0.475008
-0.168931
-0.014500
0.151774
-0.193906
-0.014500
0.452133
-0.195158
-0.014500
0.188512
-0.214124
-0.014500
0.415199
-0.214496
-0.014500
0.554886
-0.254887
-0.014500
0.055123
-0.255200
-0.014500
0.239099
-0.226409
-0.014500
0.365180
-0.226455
-0.014500
0.303050
-0.230550
-0.014500
0.491666
-0.297679
-0.014500
0.118703
-0.297076
-0.014500
0.201562
-0.323988
-0.014500
0.406174
-0.324324
-0.014500
0.300150
-0.333500
-0.014500
0.477050
0.551000
0.014500
0.503626
0.522023
0.014500
0.503626
0.522023
-0.014500
0.477050
0.551000
-0.014500
0.522963
0.494926
0.014500
0.522963
0.494926
-0.014500
0.535827
0.468106
0.014500
0.535827
0.468106
-0.014500
0.542984
0.439965
0.014500
0.542984
0.439965
-0.014500
0.545200
0.408900
0.014500
0.545200
0.408900
-0.014500
0.541790
0.375991
0.014500
0.541790
0.375991
-0.014500
0.532533
0.342942
0.014500
0.532533
0.342942
-0.014500
0.518891
0.311704
0.014500
0.518891
0.311704
-0.014500
0.502326
0.284223
0.014500
0.502326
0.284223
-0.014500
0.484300
0.262450
0.014500
0.484300
0.262450
-0.014500
0.423446
0.221374
0.014500
0.423446
0.221374
-0.014500
0.353823
0.201109
0.014500
0.353823
0.201109
-0.014500
0.288237
0.189057
0.014500
0.288237
0.189057
-0.014500
0.239494
0.172620
0.014500
0.239494
0.172620
-0.014500
0.220400
0.139200
0.014500
0.220400
0.139200
-0.014500
0.228532
0.119039
0.014500
0.228532
0.119039
-0.014500
0.252741
0.101454
0.014500
0.252741
0.101454
-0.014500
0.292749
0.085538
0.014500
0.292749
0.085538
-0.014500
0.348278
0.070389
0.014500
0.348278
0.070389
-0.014500
0.419050
0.055100
0.014500
0.419050
0.055100
-0.014500
0.492107
0.033605
0.014500
0.492107
0.033605
-0.014500
0.545536
0.003202
0.014500
0.545536
0.003202
-0.014500
0.581288
-0.034580
0.014500
0.581288
-0.034580
-0.014500
0.601309
-0.078207
0.014500
0.601309
-0.078207
-0.014500
0.607550
-0.126150
0.014500
0.607550
-0.126150
-0.014500
0.594094
-0.197270
0.014500
0.594094
-0.197270
-0.014500
0.554886
-0.254887
0.014500
0.554886
-0.254887
-0.014500
0.491666
-0.297679
0.014500
0.491666
-0.297679
-0.014500
0.406174
-0.324324
0.014500
0.406174
-0.324324
-0.014500
0.300150
-0.333500
0.014500
0.300150
-0.333500
-0.014500
0.201562
-0.323988
0.014500
0.201562
-0.323988
-0.014500
0.118703
-0.297076
0.014500
0.118703
-0.297076
-0.014500
0.055123
-0.255200
0.014500
0.055123
-0.255200
-0.014500
0.014372
-0.200796
0.014500
0.014372
-0.200796
-0.014500
0.000000
-0.136300
0.014500
0.000000
-0.136300
-0.014500
0.006183
-0.083497
0.014500
0.006183
-0.083497
-0.014500
0.025102
-0.039602
0.014500
0.025102
-0.039602
-0.014500
0.057316
-0.004130
0.014500
0.057316
-0.004130
-0.014500
0.103379
0.023409
0.014500
0.103379
0.023409
-0.014500
0.163850
0.043500
0.014500
0.163850
0.043500
-0.014500
0.139803
0.059891
0.014500
0.139803
0.059891
-0.014500
0.121464
0.076142
0.014500
0.121464
0.076142
-0.014500
0.108622
0.092464
0.014500
0.108622
0.092464
-0.014500
0.101071
0.109063
0.014500
0.101071
0.109063
-0.014500
0.098600
0.126150
0.014500
0.098600
0.126150
-0.014500
0.103321
0.150556
0.014500
0.103321
0.150556
-0.014500
0.116882
0.172805
0.014500
0.116882
0.172805
-0.014500
0.138376
0.192131
0.014500
0.138376
0.192131
-0.014500
0.166901
0.207768
0.014500
0.166901
0.207768
-0.014500
0.201550
0.218950
0.014500
0.201550
0.218950
-0.014500
0.201550
0.221850
0.014500
0.201550
0.221850
-0.014500
0.174232
0.234900
0.014500
0.174232
0.234900
-0.014500
0.149698
0.249690
0.014500
0.149698
0.249690
-0.014500
0.127948
0.266220
0.014500
0.127948
0.266220
-0.014500
0.108982
0.284490
0.014500
0.108982
0.284490
-0.014500
0.092800
0.304500
0.014500
0.092800
0.304500
-0.014500
0.080272
0.325380
0.014500
0.080272
0.325380
-0.014500
0.070528
0.348000
0.014500
0.070528
0.348000
-0.014500
0.063568
0.372360
0.014500
0.063568
0.372360
-0.014500
0.059392
0.398460
0.014500
0.059392
0.398460
-0.014500
0.058000
0.426300
0.014500
0.058000
0.426300
-0.014500
0.070714
0.503127
0.014500
0.070714
0.503127
-0.014500
0.107509
0.565546
0.014500
0.107509
0.565546
-0.014500
0.166367
0.612028
0.014500
0.166367
0.612028
-0.014500
0.245270
0.641039
0.014500
0.245270
0.641039
-0.014500
0.342200
0.651050
0.014500
0.342200
0.651050
-0.014500
0.610450
0.651050
0.014500
0.610450
0.651050
-0.014500
0.610450
0.551000
0.014500
0.610450
0.551000
-0.014500
0.262346
0.533310
0.014500
0.226931
0.516432
0.014500
0.226931
0.516432
-0.014500
0.262346
0.533310
-0.014500
0.198963
0.490854
0.014500
0.198963
0.490854
-0.014500
0.180600
0.458664
0.014500
0.180600
0.458664
-0.014500
0.174000
0.421950
0.014500
0.174000
0.421950
-0.014500
0.180055
0.382301
0.014500
0.180055
0.382301
-0.014500
0.197386
0.349404
0.014500
0.197386
0.349404
-0.014500
0.224738
0.324440
0.014500
0.224738
0.324440
-0.014500
0.260861
0.308595
0.014500
0.260861
0.308595
-0.014500
0.304500
0.303050
0.014500
0.304500
0.303050
-0.014500
0.345309
0.308896
0.014500
0.345309
0.308896
-0.014500
0.379714
0.325461
0.014500
0.379714
0.325461
-0.014500
0.406186
0.351283
0.014500
0.406186
0.351283
-0.014500
0.423191
0.384900
0.014500
0.423191
0.384900
-0.014500
0.429200
0.424850
0.014500
0.429200
0.424850
-0.014500
0.422623
0.460706
0.014500
0.422623
0.460706
-0.014500
0.404422
0.492107
0.014500
0.404422
0.492107
-0.014500
0.376896
0.517035
0.014500
0.376896
0.517035
-0.014500
0.342339
0.533472
0.014500
0.342339
0.533472
-0.014500
0.303050
0.539400
0.014500
0.303050
0.539400
-0.014500
0.220910
-0.036586
0.014500
0.180055
-0.049903
0.014500
0.180055
-0.049903
-0.014500
0.220910
-0.036586
-0.014500
0.148805
-0.070737
0.014500
0.148805
-0.070737
-0.014500
0.128830
-0.097974
0.014500
0.128830
-0.097974
-0.014500
0.121800
-0.130500
0.014500
0.121800
-0.130500
-0.014500
0.129375
-0.165961
0.014500
0.129375
-0.165961
-0.014500
0.151774
-0.193906
0.014500
0.151774
-0.193906
-0.014500
0.188512
-0.214124
0.014500
0.188512
-0.214124
-0.014500
0.239099
-0.226409
0.014500
0.239099
-0.226409
-0.014500
0.303050
-0.230550
0.014500
0.303050
-0.230550
-0.014500
0.365180
-0.226455
0.014500
0.365180
-0.226455
-0.014500
0.415199
-0.214496
0.014500
0.415199
-0.214496
-0.014500
0.452133
-0.195158
0.014500
0.452133
-0.195158
-0.014500
0.475008
-0.168931
0.014500
0.475008
-0.168931
-0.014500
0.482850
-0.136300
0.014500
0.482850
-0.136300
-0.014500
0.468338
-0.093705
0.014500
0.468338
-0.093705
-0.014500
0.430789
-0.063846
0.014500
0.430789
-0.063846
-0.014500
0.379181
-0.044846
0.014500
0.379181
-0.044846
-0.014500
0.322492
-0.034823
0.014500
0.322492
-0.034823
-0.014500
0.269700
-0.031900
0.014500
0.269700
-0.031900
-0.014500
