24
-0.500000
-0.050000
-0.025000
-0.500000
-0.050000
0.025000
-0.500000
0.050000
0.025000
-0.500000
0.050000
-0.025000
-0.500000
0.050000
-0.025000
-0.500000
0.050000
0.025000
0.500000
0.050000
0.025000
0.500000
0.050000
-0.025000
0.500000
0.050000
-0.025000
0.500000
0.050000
0.025000
0.500000
-0.050000
0.025000
0.500000
-0.050000
-0.025000
0.500000
-0.050000
-0.025000
0.500000
-0.050000
0.025000
-0.500000
-0.050000
0.025000
-0.500000
-0.050000
-0.025000
-0.500000
0.050000
-0.025000
0.500000
0.050000
-0.025000
0.500000
-0.050000
-0.025000
-0.500000
-0.050000
-0.025000
0.500000
0.050000
0.025000
-0.500000
0.050000
0.025000
-0.500000
-0.050000
0.025000
0.500000
-0.050000
0.025000
