32
0.020300
0.872900
0.014500
0.358150
0.988900
0.014500
0.020300
0.988900
0.014500
0.218950
0.872900
0.014500
0.358150
-0.320450
0.014500
0.218950
-0.204450
0.014500
0.020300
-0.320450
0.014500
0.020300
-0.204450
0.014500
0.358150
0.988900
-0.014500
0.020300
0.872900
-0.014500
0.020300
0.988900
-0.014500
0.218950
0.872900
-0.014500
0.358150
-0.320450
-0.014500
0.218950
-0.204450
-0.014500
0.020300
-0.320450
-0.014500
0.020300
-0.204450
-0.014500
0.218950
-0.204450
0.014500
0.218950
0.872900
0.014500
0.218950
0.872900
-0.014500
0.218950
-0.204450
-0.014500
0.020300
0.872900
0.014500
0.020300
0.872900
-0.014500
0.020300
0.988900
0.014500
0.020300
0.988900
-0.014500
0.358150
0.988900
0.014500
0.358150
0.988900
-0.014500
0.358150
-0.320450
0.014500
0.358150
-0.320450
-0.014500
0.020300
-0.320450
0.014500
0.020300
-0.320450
-0.014500
0.020300
-0.204450
0.014500
0.020300
-0.204450
-0.014500
