228
-0.080902
0.000000
-0.108777
-0.095106
0.000000
-0.080901
-0.087866
0.036396
-0.080901
-0.074744
0.030960
-0.108777
-0.058778
0.000000
-0.130901
-0.054304
0.022494
-0.130901
-0.030902
0.000000
-0.145105
-0.028550
0.011826
-0.145105
-0.100000
0.000000
-0.049999
-0.092388
0.038268
-0.049999
-0.067250
0.067250
-0.080901
-0.057206
0.057206
-0.108777
-0.041562
0.041562
-0.130901
-0.021850
0.021850
-0.145105
-0.070710
0.070710
-0.049999
-0.036396
0.087866
-0.080901
-0.030960
0.074744
-0.108777
-0.022494
0.054304
-0.130901
-0.011826
0.028550
-0.145105
-0.038268
0.092388
-0.049999
0.000000
0.100000
-0.049999
0.000000
0.095106
-0.080901
0.000000
0.080902
-0.108777
0.000000
0.058778
-0.130901
0.000000
0.030902
-0.145105
0.000000
0.030902
-0.145105
0.000000
0.058778
-0.130901
0.022494
0.054304
-0.130901
0.011826
0.028550
-0.145105
0.000000
0.095106
-0.080901
0.000000
0.100000
-0.049999
0.038268
0.092388
-0.049999
0.036396
0.087866
-0.080901
0.000000
0.080902
-0.108777
0.030960
0.074744
-0.108777
0.057206
0.057206
-0.108777
0.041562
0.041562
-0.130901
0.021850
0.021850
-0.145105
0.070710
0.070710
-0.049999
0.067250
0.067250
-0.080901
0.074744
0.030960
-0.108777
0.054304
0.022494
-0.130901
0.028550
0.011826
-0.145105
0.092388
0.038268
-0.049999
0.087866
0.036396
-0.080901
0.095106
0.000000
-0.080901
0.080902
0.000000
-0.108777
0.058778
0.000000
-0.130901
0.030902
0.000000
-0.145105
0.100000
0.000000
-0.049999
0.080902
0.000000
-0.108777
0.095106
0.000000
-0.080901
0.087866
-0.036396
-0.080901
0.074744
-0.030960
-0.108777
0.058778
0.000000
-0.130901
0.054304
-0.022494
-0.130901
0.030902
0.000000
-0.145105
0.028550
-0.011826
-0.145105
0.100000
0.000000
-0.049999
0.092388
-0.038268
-0.049999
0.041562
-0.041562
-0.130901
0.021850
-0.021850
-0.145105
0.070710
-0.070710
-0.049999
0.067250
-0.067250
-0.080901
0.057206
-0.057206
-0.108777
0.022494
-0.054304
-0.130901
0.011826
-0.028550
-0.145105
0.038268
-0.092388
-0.049999
0.036396
-0.087866
-0.080901
0.030960
-0.074744
-0.108777
0.000000
-0.080902
-0.108777
0.000000
-0.058778
-0.130901
0.000000
-0.030902
-0.145105
0.000000
-0.100000
-0.049999
0.000000
-0.095106
-0.080901
0.000000
-0.058778
-0.130901
0.000000
-0.080902
-0.108777
-0.030960
-0.074744
-0.108777
-0.022494
-0.054304
-0.130901
0.000000
-0.030902
-0.145105
-0.011826
-0.028550
-0.145105
0.000000
-0.095106
-0.080901
0.000000
-0.100000
-0.049999
-0.038268
-0.092388
-0.049999
-0.036396
-0.087866
-0.080901
-0.067250
-0.067250
-0.080901
-0.057206
-0.057206
-0.108777
-0.041562
-0.041562
-0.130901
-0.021850
-0.021850
-0.145105
-0.070710
-0.070710
-0.049999
-0.092388
-0.038268
-0.049999
-0.087866
-0.036396
-0.080901
-0.074744
-0.030960
-0.108777
-0.054304
-0.022494
-0.130901
-0.028550
-0.011826
-0.145105
0.000000
0.000000
-0.149999
0.000000
0.000000
-0.149999
0.070710
-0.070710
0.050000
0.038268
-0.092388
0.050000
-0.038268
-0.092388
0.050000
-0.070710
-0.070710
0.050000
-0.100000
0.000000
0.050000
-0.092388
0.038268
0.050000
-0.038268
0.092388
0.050000
0.000000
0.100000
0.050000
0.000000
0.000000
-0.149999
-0.070710
0.070710
0.050000
0.070710
0.070710
0.050000
0.092388
0.038268
0.050000
0.000000
-0.100000
0.050000
0.100000
0.000000
0.050000
0.092388
-0.038268
0.050000
-0.100000
0.000000
-0.049999
-0.092388
-0.038268
0.050000
-0.100000
0.000000
0.050000
0.000000
0.000000
-0.149999
0.038268
0.092388
0.050000
0.000000
0.100000
0.050000
-0.058778
0.000000
-0.130901
-0.030902
0.000000
-0.145105
-0.095106
0.000000
-0.080901
0.000000
-0.100000
0.050000
-0.080902
0.000000
-0.108777
0.100000
0.000000
0.050000
-0.095106
-0.000000
0.080902
-0.080902
-0.000000
0.108778
-0.074744
0.030960
0.108778
-0.087866
0.036396
0.080902
-0.100000
0.000000
0.050000
-0.092388
0.038268
0.050000
-0.058778
-0.000000
0.130902
-0.030902
-0.000000
0.145106
-0.028550
0.011826
0.145106
-0.054304
0.022494
0.130902
-0.057206
0.057206
0.108779
-0.067250
0.067250
0.080902
-0.070710
0.070710
0.050000
-0.021850
0.021850
0.145106
-0.041562
0.041562
0.130903
-0.022494
0.054304
0.130903
-0.030960
0.074744
0.108779
-0.036396
0.087866
0.080902
-0.038268
0.092388
0.050000
-0.011826
0.028550
0.145106
0.000000
0.058778
0.130903
0.000000
0.080902
0.108779
0.000000
0.095106
0.080902
0.000000
0.100000
0.050000
0.000000
0.030902
0.145106
0.000000
0.058778
0.130903
0.000000
0.030902
0.145106
0.011826
0.028550
0.145106
0.022494
0.054304
0.130903
0.000000
0.080902
0.108779
0.030960
0.074744
0.108779
0.000000
0.095106
0.080902
0.036396
0.087866
0.080902
0.000000
0.100000
0.050000
0.038268
0.092388
0.050000
0.067250
0.067250
0.080902
0.070710
0.070710
0.050000
0.021850
0.021850
0.145106
0.041562
0.041562
0.130903
0.057206
0.057206
0.108779
0.074744
0.030960
0.108778
0.087866
0.036396
0.080902
0.092388
0.038268
0.050000
0.028550
0.011826
0.145106
0.054304
0.022494
0.130902
0.080902
-0.000000
0.108778
0.095106
-0.000000
0.080902
0.100000
0.000000
0.050000
0.030902
-0.000000
0.145106
0.058778
-0.000000
0.130902
0.080902
-0.000000
0.108778
0.058778
-0.000000
0.130902
0.054304
-0.022494
0.130902
0.074744
-0.030960
0.108778
0.095106
-0.000000
0.080902
0.087866
-0.036396
0.080902
0.100000
0.000000
0.050000
0.092388
-0.038268
0.050000
0.030902
-0.000000
0.145106
0.028550
-0.011826
0.145106
0.041562
-0.041562
0.130902
0.057206
-0.057206
0.108778
0.067250
-0.067250
0.080902
0.070710
-0.070710
0.050000
0.021850
-0.021850
0.145106
0.036396
-0.087866
0.080902
0.038268
-0.092388
0.050000
0.011826
-0.028550
0.145106
0.022494
-0.054304
0.130902
0.030960
-0.074744
0.108778
0.000000
-0.095106
0.080902
0.000000
-0.100000
0.050000
0.000000
-0.030902
0.145106
0.000000
-0.058778
0.130902
0.000000
-0.080902
0.108778
0.000000
-0.095106
0.080902
0.000000
-0.080902
0.108778
-0.030960
-0.074744
0.108778
-0.036396
-0.087866
0.080902
0.000000
-0.100000
0.050000
-0.038268
-0.092388
0.050000
0.000000
-0.058778
0.130902
0.000000
-0.030902
0.145106
-0.011826
-0.028550
0.145106
-0.022494
-0.054304
0.130902
-0.057206
-0.057206
0.108778
-0.067250
-0.067250
0.080902
-0.070710
-0.070710
0.050000
-0.021850
-0.021850
0.145106
-0.041562
-0.041562
0.130902
-0.054304
-0.022494
0.130902
-0.074744
-0.030960
0.108778
-0.087866
-0.036396
0.080902
-0.092388
-0.038268
0.050000
-0.028550
-0.011826
0.145106
0.000000
-0.000000
0.150000
0.000000
-0.000000
0.150000
0.000000
-0.000000
0.150000
0.000000
-0.000000
0.150000
-0.030902
-0.000000
0.145106
-0.058778
-0.000000
0.130902
-0.080902
-0.000000
0.108778
-0.095106
-0.000000
0.080902
-0.100000
0.000000
0.050000
