32
0.081200
0.294350
0.014500
0.765600
0.413250
0.014500
0.081200
0.413250
0.014500
0.765600
0.294350
0.014500
0.081200
0.610450
0.014500
0.765600
0.729350
0.014500
0.081200
0.729350
0.014500
0.765600
0.610450
0.014500
0.765600
0.413250
-0.014500
0.081200
0.294350
-0.014500
0.081200
0.413250
-0.014500
0.765600
0.294350
-0.014500
0.765600
0.729350
-0.014500
0.081200
0.610450
-0.014500
0.081200
0.729350
-0.014500
0.765600
0.610450
-0.014500
0.765600
0.610450
0.014500
0.081200
0.610450
0.014500
0.081200
0.610450
-0.014500
0.765600
0.610450
-0.014500
0.081200
0.729350
0.014500
0.081200
0.729350
-0.014500
0.765600
0.729350
0.014500
0.765600
0.729350
-0.014500
0.765600
0.294350
0.014500
0.081200
0.294350
0.014500
0.081200
0.294350
-0.014500
0.765600
0.294350
-0.014500
0.081200
0.413250
0.014500
0.081200
0.413250
-0.014500
0.765600
0.413250
0.014500
0.765600
0.413250
-0.014500
