3
128
0
1
2
0
3
1
4
5
6
4
7
5
8
0
9
8
3
0
8
4
3
8
7
4
8
10
7
8
11
10
12
11
8
13
14
12
14
11
12
13
15
14
16
11
14
17
18
16
18
11
16
17
19
18
20
13
21
20
15
13
20
17
15
20
19
17
20
22
19
20
23
22
24
23
20
25
26
24
26
23
24
25
27
26
28
23
26
29
30
28
30
23
28
29
31
30
32
33
34
35
33
32
36
37
38
39
37
36
33
40
41
35
40
33
37
40
35
39
40
37
42
40
39
43
40
42
43
44
40
45
46
44
43
45
44
47
46
45
43
48
45
49
50
48
43
49
48
51
50
49
46
52
53
47
52
46
50
52
47
51
52
50
54
52
51
55
52
54
55
56
52
57
58
56
55
57
56
59
58
57
55
60
57
61
62
60
55
61
60
63
62
61
64
65
66
64
66
67
65
68
69
65
69
66
68
70
71
68
71
69
70
72
73
70
73
71
72
74
75
72
75
73
74
76
77
74
77
75
76
78
79
76
79
77
78
80
81
78
81
79
80
82
83
80
83
81
82
84
85
82
85
83
84
86
87
84
87
85
86
88
89
86
89
87
88
90
91
88
91
89
90
92
93
90
93
91
92
94
95
92
95
93
94
96
97
94
97
95
96
98
99
96
99
97
98
100
101
98
101
99
100
102
103
100
103
101
102
104
105
102
105
103
104
106
107
104
107
105
106
108
109
106
109
107
108
110
111
108
111
109
110
112
113
110
113
111
112
114
115
112
115
113
114
116
117
114
117
115
116
118
119
116
119
117
118
64
67
118
67
119
120
121
122
120
122
123
121
124
125
121
125
122
124
126
127
124
127
125
126
120
123
126
123
127
