128
0.224750
0.611900
0.014500
0.388600
0.894650
0.014500
0.284200
0.894650
0.014500
0.329150
0.611900
0.014500
0.610450
0.611900
0.014500
0.774300
0.894650
0.014500
0.669900
0.894650
0.014500
0.714850
0.611900
0.014500
0.001450
0.511850
0.014500
0.001450
0.611900
0.014500
0.846800
0.611900
0.014500
0.846800
0.511850
0.014500
0.204450
0.511850
0.014500
0.152250
0.265350
0.014500
0.308850
0.511850
0.014500
0.256650
0.265350
0.014500
0.590150
0.511850
0.014500
0.537950
0.265350
0.014500
0.694550
0.511850
0.014500
0.642350
0.265350
0.014500
0.001450
0.165300
0.014500
0.001450
0.265350
0.014500
0.846800
0.265350
0.014500
0.846800
0.165300
0.014500
0.131950
0.165300
0.014500
0.072500
-0.117450
0.014500
0.236350
0.165300
0.014500
0.176900
-0.117450
0.014500
0.517650
0.165300
0.014500
0.458200
-0.117450
0.014500
0.622050
0.165300
0.014500
0.562600
-0.117450
0.014500
0.388600
0.894650
-0.014500
0.224750
0.611900
-0.014500
0.284200
0.894650
-0.014500
0.329150
0.611900
-0.014500
0.774300
0.894650
-0.014500
0.610450
0.611900
-0.014500
0.669900
0.894650
-0.014500
0.714850
0.611900
-0.014500
0.001450
0.511850
-0.014500
0.001450
0.611900
-0.014500
0.846800
0.611900
-0.014500
0.846800
0.511850
-0.014500
0.204450
0.511850
-0.014500
0.308850
0.511850
-0.014500
0.152250
0.265350
-0.014500
0.256650
0.265350
-0.014500
0.590150
0.511850
-0.014500
0.694550
0.511850
-0.014500
0.537950
0.265350
-0.014500
0.642350
0.265350
-0.014500
0.001450
0.165300
-0.014500
0.001450
0.265350
-0.014500
0.846800
0.265350
-0.014500
0.846800
0.165300
-0.014500
0.131950
0.165300
-0.014500
0.236350
0.165300
-0.014500
0.072500
-0.117450
-0.014500
0.176900
-0.117450
-0.014500
0.517650
0.165300
-0.014500
0.622050
0.165300
-0.014500
0.458200
-0.117450
-0.014500
0.562600
-0.117450
-0.014500
0.329150
0.611900
0.014500
0.610450
0.611900
0.014500
0.610450
0.611900
-0.014500
0.329150
0.611900
-0.014500
0.669900
0.894650
0.014500
0.669900
0.894650
-0.014500
0.774300
0.894650
0.014500
0.774300
0.894650
-0.014500
0.714850
0.611900
0.014500
0.714850
0.611900
-0.014500
0.846800
0.611900
0.014500
0.846800
0.611900
-0.014500
0.846800
0.511850
0.014500
0.846800
0.511850
-0.014500
0.694550
0.511850
0.014500
0.694550
0.511850
-0.014500
0.642350
0.265350
0.014500
0.642350
0.265350
-0.014500
0.846800
0.265350
0.014500
0.846800
0.265350
-0.014500
0.846800
0.165300
0.014500
0.846800
0.165300
-0.014500
0.622050
0.165300
0.014500
0.622050
0.165300
-0.014500
0.562600
-0.117450
0.014500
0.562600
-0.117450
-0.014500
0.458200
-0.117450
0.014500
0.458200
-0.117450
-0.014500
0.517650
0.165300
0.014500
0.517650
0.165300
-0.014500
0.236350
0.165300
0.014500
0.236350
0.165300
-0.014500
0.176900
-0.117450
0.014500
0.176900
-0.117450
-0.014500
0.072500
-0.117450
0.014500
0.072500
-0.117450
-0.014500
0.131950
0.165300
0.014500
0.131950
0.165300
-0.014500
0.001450
0.165300
0.014500
0.001450
0.165300
-0.014500
0.001450
0.265350
0.014500
0.001450
0.265350
-0.014500
0.152250
0.265350
0.014500
0.152250
0.265350
-0.014500
0.204450
0.511850
0.014500
0.204450
0.511850
-0.014500
0.001450
0.511850
0.014500
0.001450
0.511850
-0.014500
0.001450
0.611900
0.014500
0.001450
0.611900
-0.014500
0.224750
0.611900
0.014500
0.224750
0.611900
-0.014500
0.284200
0.894650
0.014500
0.284200
0.894650
-0.014500
0.388600
0.894650
0.014500
0.388600
0.894650
-0.014500
0.537950
0.265350
0.014500
0.590150
0.511850
0.014500
0.590150
0.511850
-0.014500
0.537950
0.265350
-0.014500
0.308850
0.511850
0.014500
0.308850
0.511850
-0.014500
0.256650
0.265350
0.014500
0.256650
0.265350
-0.014500
