3
348
0
1
2
3
1
0
3
4
1
5
4
3
5
6
4
5
7
6
8
9
5
9
7
5
8
10
9
11
7
9
8
12
10
13
7
11
8
14
12
15
7
13
15
16
7
17
14
8
17
18
14
19
16
15
17
20
18
21
16
19
17
22
20
21
23
16
24
23
21
25
22
17
25
26
22
27
23
24
27
28
23
29
26
25
30
28
27
29
31
26
32
28
30
32
33
28
29
34
31
35
34
29
36
33
32
35
36
34
37
36
35
36
38
33
37
38
36
39
38
37
39
40
38
41
40
39
41
42
40
42
43
40
44
45
46
44
47
45
48
42
41
49
47
44
49
50
47
51
50
49
48
52
42
53
43
42
54
52
48
55
50
51
55
56
50
54
57
52
43
56
55
58
57
54
58
59
57
43
60
56
53
60
43
58
61
59
62
61
58
53
63
60
62
64
61
65
63
53
65
66
63
67
64
62
67
68
64
69
70
65
70
66
65
67
71
68
72
70
69
67
73
71
74
73
67
75
70
72
74
76
73
75
77
70
78
66
70
79
77
75
74
79
76
74
77
79
80
77
74
80
81
77
80
82
81
83
82
80
83
84
82
85
84
83
86
87
88
86
89
87
90
89
86
90
91
89
92
91
90
93
91
92
94
95
91
93
94
91
96
95
94
93
97
94
98
95
96
93
99
97
100
95
98
93
101
99
102
101
93
100
103
95
104
103
100
102
105
101
106
103
104
102
107
105
108
103
106
109
107
102
109
110
107
108
111
103
112
111
108
109
113
110
114
113
109
112
115
111
114
116
113
117
115
112
114
118
116
119
118
114
120
115
117
120
121
115
119
122
118
122
121
120
122
123
121
124
122
119
124
123
122
124
125
123
126
125
124
126
127
125
128
127
126
129
128
126
130
131
132
133
131
130
128
134
127
133
135
131
136
135
133
136
137
135
138
134
128
129
139
128
138
140
134
136
141
137
142
141
136
143
140
138
142
129
141
143
144
140
145
144
143
146
129
142
146
139
129
147
144
145
147
148
144
149
139
146
150
148
147
149
151
139
152
151
149
150
153
148
154
153
150
155
156
151
152
155
151
157
153
154
155
158
156
159
153
157
159
160
153
155
161
158
162
160
159
163
161
155
152
164
155
163
165
161
165
160
162
163
160
165
163
166
160
167
166
163
168
166
167
168
169
166
170
169
168
170
171
169
172
173
174
172
174
175
173
176
177
173
177
174
176
178
179
176
179
177
178
180
181
178
181
179
180
182
183
180
183
181
182
184
185
182
185
183
184
186
187
184
187
185
186
188
189
186
189
187
188
190
191
188
191
189
190
192
193
190
193
191
192
194
195
192
195
193
194
196
197
194
197
195
196
198
199
196
199
197
198
200
201
198
201
199
200
202
203
200
203
201
202
204
205
202
205
203
204
206
207
204
207
205
206
208
209
206
209
207
208
210
211
208
211
209
210
212
213
210
213
211
212
214
215
212
215
213
214
216
217
214
217
215
216
218
219
216
219
217
218
220
221
218
221
219
220
222
223
220
223
221
222
224
225
222
225
223
224
226
227
224
227
225
226
228
229
226
229
227
228
230
231
228
231
229
230
232
233
230
233
231
232
234
235
232
235
233
234
236
237
234
237
235
236
238
239
236
239
237
238
240
241
238
241
239
240
242
243
240
243
241
242
244
245
242
245
243
244
246
247
244
247
245
246
248
249
246
249
247
248
250
251
248
251
249
250
252
253
250
253
251
252
254
255
252
255
253
254
256
257
254
257
255
256
258
259
256
259
257
258
260
261
258
261
259
260
262
263
260
263
261
262
264
265
262
265
263
264
266
267
264
267
265
266
268
269
266
269
267
268
270
271
268
271
269
270
172
175
270
175
271
272
273
274
272
274
275
273
276
277
273
277
274
276
278
279
276
279
277
278
280
281
278
281
279
280
282
283
280
283
281
282
284
285
282
285
283
284
286
287
284
287
285
286
288
289
286
289
287
288
290
291
288
291
289
290
292
293
290
293
291
292
294
295
292
295
293
294
296
297
294
297
295
296
298
299
296
299
297
298
300
301
298
301
299
300
302
303
300
303
301
302
272
275
302
275
303
304
305
306
304
306
307
305
308
309
305
309
306
308
310
311
308
311
309
310
312
313
310
313
311
312
314
315
312
315
313
314
316
317
314
317
315
316
318
319
316
319
317
318
320
321
318
321
319
320
322
323
320
323
321
322
324
325
322
325
323
324
326
327
324
327
325
326
328
329
326
329
327
328
330
331
328
331
329
330
332
333
330
333
331
332
334
335
332
335
333
334
336
337
334
337
335
336
338
339
336
339
337
338
340
341
338
341
339
340
342
343
340
343
341
342
304
307
342
307
343
