344
0.330739
0.959598
0.014500
0.494334
0.959285
0.014500
0.416150
0.970050
0.014500
0.260432
0.929589
0.014500
0.559990
0.929172
0.014500
0.207454
0.882041
0.014500
0.610334
0.882980
0.014500
0.642582
0.823983
0.014500
0.174035
0.818972
0.014500
0.408900
0.849700
0.014500
0.374355
0.845048
0.014500
0.445718
0.844712
0.014500
0.344822
0.831975
0.014500
0.476899
0.830676
0.014500
0.321830
0.811803
0.014500
0.500981
0.808984
0.014500
0.653950
0.755450
0.014500
0.162400
0.742400
0.014500
0.306913
0.785854
0.014500
0.516502
0.781028
0.014500
0.301600
0.755450
0.014500
0.522000
0.748200
0.014500
0.307064
0.718469
0.014500
0.647350
0.699886
0.014500
0.518740
0.718376
0.014500
0.168444
0.692126
0.014500
0.321645
0.681628
0.014500
0.507059
0.688831
0.014500
0.626899
0.647106
0.014500
0.184997
0.642965
0.014500
0.484103
0.658103
0.014500
0.342629
0.646456
0.014500
0.447018
0.624730
0.014500
0.591623
0.595718
0.014500
0.367302
0.614487
0.014500
0.209693
0.596031
0.014500
0.392950
0.587250
0.014500
0.240166
0.552438
0.014500
0.540548
0.544330
0.014500
0.274050
0.513300
0.014500
0.472700
0.491550
0.014500
0.196875
0.463780
0.014500
0.355250
0.419050
0.014500
0.611900
0.332050
0.014500
0.702287
0.459928
0.014500
0.859850
0.491550
0.014500
0.717750
0.491550
0.014500
0.839631
0.441867
0.014500
0.132368
0.410501
0.014500
0.682788
0.425801
0.014500
0.812592
0.389540
0.014500
0.660434
0.391535
0.014500
0.294988
0.379192
0.014500
0.516200
0.233450
0.014500
0.083102
0.352837
0.014500
0.636411
0.359496
0.014500
0.779566
0.336098
0.014500
0.246906
0.341701
0.014500
0.051655
0.290162
0.014500
0.211700
0.304419
0.014500
0.741391
0.283075
0.014500
0.190066
0.265188
0.014500
0.040600
0.221850
0.014500
0.698900
0.232000
0.014500
0.182700
0.221850
0.014500
0.474974
0.195216
0.014500
0.899000
0.000000
0.014500
0.053592
0.146752
0.014500
0.190913
0.189277
0.014500
0.433121
0.163177
0.014500
0.603200
0.134850
0.014500
0.209078
0.160672
0.014500
0.390711
0.138655
0.014500
0.235318
0.137912
0.014500
0.089552
0.082163
0.014500
0.347814
0.122972
0.014500
0.267751
0.122879
0.014500
0.531930
0.076595
0.014500
0.716300
0.000000
0.014500
0.304500
0.117450
0.014500
0.143956
0.031633
0.014500
0.465601
0.034556
0.014500
0.403587
0.006856
0.014500
0.212280
-0.001288
0.014500
0.345262
-0.008387
0.014500
0.290000
-0.013050
0.014500
0.494334
0.959285
-0.014500
0.330739
0.959598
-0.014500
0.416150
0.970050
-0.014500
0.260432
0.929589
-0.014500
0.559990
0.929172
-0.014500
0.207454
0.882041
-0.014500
0.610334
0.882980
-0.014500
0.642582
0.823983
-0.014500
0.408900
0.849700
-0.014500
0.174035
0.818972
-0.014500
0.374355
0.845048
-0.014500
0.445718
0.844712
-0.014500
0.344822
0.831975
-0.014500
0.476899
0.830676
-0.014500
0.321830
0.811803
-0.014500
0.500981
0.808984
-0.014500
0.653950
0.755450
-0.014500
0.162400
0.742400
-0.014500
0.306913
0.785854
-0.014500
0.516502
0.781028
-0.014500
0.301600
0.755450
-0.014500
0.522000
0.748200
-0.014500
0.307064
0.718469
-0.014500
0.647350
0.699886
-0.014500
0.518740
0.718376
-0.014500
0.168444
0.692126
-0.014500
0.321645
0.681628
-0.014500
0.507059
0.688831
-0.014500
0.626899
0.647106
-0.014500
0.184997
0.642965
-0.014500
0.484103
0.658103
-0.014500
0.342629
0.646456
-0.014500
0.447018
0.624730
-0.014500
0.591623
0.595718
-0.014500
0.367302
0.614487
-0.014500
0.209693
0.596031
-0.014500
0.392950
0.587250
-0.014500
0.240166
0.552438
-0.014500
0.540548
0.544330
-0.014500
0.274050
0.513300
-0.014500
0.472700
0.491550
-0.014500
0.196875
0.463780
-0.014500
0.355250
0.419050
-0.014500
0.611900
0.332050
-0.014500
0.859850
0.491550
-0.014500
0.702287
0.459928
-0.014500
0.717750
0.491550
-0.014500
0.839631
0.441867
-0.014500
0.132368
0.410501
-0.014500
0.682788
0.425801
-0.014500
0.812592
0.389540
-0.014500
0.660434
0.391535
-0.014500
0.294988
0.379192
-0.014500
0.516200
0.233450
-0.014500
0.083102
0.352837
-0.014500
0.636411
0.359496
-0.014500
0.779566
0.336098
-0.014500
0.246906
0.341701
-0.014500
0.051655
0.290162
-0.014500
0.211700
0.304419
-0.014500
0.741391
0.283075
-0.014500
0.190066
0.265188
-0.014500
0.040600
0.221850
-0.014500
0.698900
0.232000
-0.014500
0.182700
0.221850
-0.014500
0.474974
0.195216
-0.014500
0.899000
0.000000
-0.014500
0.053592
0.146752
-0.014500
0.190913
0.189277
-0.014500
0.603200
0.134850
-0.014500
0.433121
0.163177
-0.014500
0.209078
0.160672
-0.014500
0.390711
0.138655
-0.014500
0.235318
0.137912
-0.014500
0.089552
0.082163
-0.014500
0.347814
0.122972
-0.014500
0.267751
0.122879
-0.014500
0.531930
0.076595
-0.014500
0.716300
0.000000
-0.014500
0.304500
0.117450
-0.014500
0.143956
0.031633
-0.014500
0.465601
0.034556
-0.014500
0.403587
0.006856
-0.014500
0.212280
-0.001288
-0.014500
0.345262
-0.008387
-0.014500
0.290000
-0.013050
-0.014500
0.839631
0.441867
0.014500
0.812592
0.389540
0.014500
0.812592
0.389540
-0.014500
0.839631
0.441867
-0.014500
0.779566
0.336098
0.014500
0.779566
0.336098
-0.014500
0.741391
0.283075
0.014500
0.741391
0.283075
-0.014500
0.698900
0.232000
0.014500
0.698900
0.232000
-0.014500
0.899000
0.000000
0.014500
0.899000
0.000000
-0.014500
0.716300
0.000000
0.014500
0.716300
0.000000
-0.014500
0.603200
0.134850
0.014500
0.603200
0.134850
-0.014500
0.531930
0.076595
0.014500
0.531930
0.076595
-0.014500
0.465601
0.034556
0.014500
0.465601
0.034556
-0.014500
0.403587
0.006856
0.014500
0.403587
0.006856
-0.014500
0.345262
-0.008387
0.014500
0.345262
-0.008387
-0.014500
0.290000
-0.013050
0.014500
0.290000
-0.013050
-0.014500
0.212280
-0.001288
0.014500
0.212280
-0.001288
-0.014500
0.143956
0.031633
0.014500
0.143956
0.031633
-0.014500
0.089552
0.082163
0.014500
0.089552
0.082163
-0.014500
0.053592
0.146752
0.014500
0.053592
0.146752
-0.014500
0.040600
0.221850
0.014500
0.040600
0.221850
-0.014500
0.051655
0.290162
0.014500
0.051655
0.290162
-0.014500
0.083102
0.352837
0.014500
0.083102
0.352837
-0.014500
0.132368
0.410501
0.014500
0.132368
0.410501
-0.014500
0.196875
0.463780
0.014500
0.196875
0.463780
-0.014500
0.274050
0.513300
0.014500
0.274050
0.513300
-0.014500
0.240166
0.552438
0.014500
0.240166
0.552438
-0.014500
0.209693
0.596031
0.014500
0.209693
0.596031
-0.014500
0.184997
0.642965
0.014500
0.184997
0.642965
-0.014500
0.168444
0.692126
0.014500
0.168444
0.692126
-0.014500
0.162400
0.742400
0.014500
0.162400
0.742400
-0.014500
0.174035
0.818972
0.014500
0.174035
0.818972
-0.014500
0.207454
0.882041
0.014500
0.207454
0.882041
-0.014500
0.260432
0.929589
0.014500
0.260432
0.929589
-0.014500
0.330739
0.959598
0.014500
0.330739
0.959598
-0.014500
0.416150
0.970050
0.014500
0.416150
0.970050
-0.014500
0.494334
0.959285
0.014500
0.494334
0.959285
-0.014500
0.559990
0.929172
0.014500
0.559990
0.929172
-0.014500
0.610334
0.882980
0.014500
0.610334
0.882980
-0.014500
0.642582
0.823983
0.014500
0.642582
0.823983
-0.014500
0.653950
0.755450
0.014500
0.653950
0.755450
-0.014500
0.647350
0.699886
0.014500
0.647350
0.699886
-0.014500
0.626899
0.647106
0.014500
0.626899
0.647106
-0.014500
0.591623
0.595718
0.014500
0.591623
0.595718
-0.014500
0.540548
0.544330
0.014500
0.540548
0.544330
-0.014500
0.472700
0.491550
0.014500
0.472700
0.491550
-0.014500
0.611900
0.332050
0.014500
0.611900
0.332050
-0.014500
0.636411
0.359496
0.014500
0.636411
0.359496
-0.014500
0.660434
0.391535
0.014500
0.660434
0.391535
-0.014500
0.682788
0.425801
0.014500
0.682788
0.425801
-0.014500
0.702287
0.459928
0.014500
0.702287
0.459928
-0.014500
0.717750
0.491550
0.014500
0.717750
0.491550
-0.014500
0.859850
0.491550
0.014500
0.859850
0.491550
-0.014500
0.294988
0.379192
0.014500
0.246906
0.341701
0.014500
0.246906
0.341701
-0.014500
0.294988
0.379192
-0.014500
0.211700
0.304419
0.014500
0.211700
0.304419
-0.014500
0.190066
0.265188
0.014500
0.190066
0.265188
-0.014500
0.182700
0.221850
0.014500
0.182700
0.221850
-0.014500
0.190913
0.189277
0.014500
0.190913
0.189277
-0.014500
0.209078
0.160672
0.014500
0.209078
0.160672
-0.014500
0.235318
0.137912
0.014500
0.235318
0.137912
-0.014500
0.267751
0.122879
0.014500
0.267751
0.122879
-0.014500
0.304500
0.117450
0.014500
0.304500
0.117450
-0.014500
0.347814
0.122972
0.014500
0.347814
0.122972
-0.014500
0.390711
0.138655
0.014500
0.390711
0.138655
-0.014500
0.433121
0.163177
0.014500
0.433121
0.163177
-0.014500
0.474974
0.195216
0.014500
0.474974
0.195216
-0.014500
0.516200
0.233450
0.014500
0.516200
0.233450
-0.014500
0.355250
0.419050
0.014500
0.355250
0.419050
-0.014500
0.447018
0.624730
0.014500
0.484103
0.658103
0.014500
0.484103
0.658103
-0.014500
0.447018
0.624730
-0.014500
0.507059
0.688831
0.014500
0.507059
0.688831
-0.014500
0.518740
0.718376
0.014500
0.518740
0.718376
-0.014500
0.522000
0.748200
0.014500
0.522000
0.748200
-0.014500
0.516502
0.781028
0.014500
0.516502
0.781028
-0.014500
0.500981
0.808984
0.014500
0.500981
0.808984
-0.014500
0.476899
0.830676
0.014500
0.476899
0.830676
-0.014500
0.445718
0.844712
0.014500
0.445718
0.844712
-0.014500
0.408900
0.849700
0.014500
0.408900
0.849700
-0.014500
0.374355
0.845048
0.014500
0.374355
0.845048
-0.014500
0.344822
0.831975
0.014500
0.344822
0.831975
-0.014500
0.321830
0.811803
0.014500
0.321830
0.811803
-0.014500
0.306913
0.785854
0.014500
0.306913
0.785854
-0.014500
0.301600
0.755450
0.014500
0.301600
0.755450
-0.014500
0.307064
0.718469
0.014500
0.307064
0.718469
-0.014500
0.321645
0.681628
0.014500
0.321645
0.681628
-0.014500
0.342629
0.646456
0.014500
0.342629
0.646456
-0.014500
0.367302
0.614487
0.014500
0.367302
0.614487
-0.014500
0.392950
0.587250
0.014500
0.392950
0.587250
-0.014500
