3
416
0
1
2
0
3
1
4
5
0
5
3
0
5
6
3
6
7
3
4
8
5
9
7
6
4
10
8
11
10
4
12
7
9
11
13
10
12
14
7
15
14
12
16
17
18
16
19
17
20
21
22
20
23
21
16
24
19
25
24
16
26
13
11
25
27
24
26
28
13
15
29
14
25
30
27
30
20
27
31
32
25
32
30
25
33
20
30
34
20
33
35
29
15
31
36
32
34
37
20
37
38
20
38
23
20
31
39
36
40
39
31
26
41
28
42
23
38
43
41
26
40
44
39
45
29
35
45
46
29
47
23
42
48
44
40
48
49
44
50
46
45
51
23
47
50
52
46
43
53
41
54
53
43
55
49
48
55
56
49
57
23
51
58
52
50
55
59
56
58
60
52
61
59
55
57
62
23
61
63
59
64
62
57
65
60
58
64
66
62
54
67
53
64
68
66
61
69
63
70
60
65
64
71
68
72
69
61
73
74
64
74
71
64
74
70
71
73
75
74
76
70
74
77
67
54
76
60
70
72
73
69
72
75
73
76
78
60
72
79
75
80
78
76
81
79
72
81
82
79
83
78
80
83
84
78
81
85
82
86
84
83
87
85
81
88
89
90
88
91
89
77
92
67
93
91
88
94
92
77
93
95
91
94
96
92
97
95
93
98
95
97
94
99
96
98
100
95
99
100
98
101
99
94
101
100
99
101
102
100
103
102
101
104
105
106
107
105
104
108
109
105
107
108
105
110
108
107
111
110
107
112
109
108
111
113
110
114
109
112
114
115
109
111
116
113
117
115
114
118
116
111
118
119
116
120
121
122
123
121
120
124
125
126
127
125
124
128
121
123
128
129
121
117
130
115
131
129
128
132
130
117
133
119
118
134
129
131
125
134
131
135
136
129
134
135
129
125
137
134
125
138
137
133
139
119
140
136
135
141
138
125
142
141
125
127
142
125
143
136
140
143
144
136
145
130
132
127
146
142
145
147
130
148
144
143
133
149
139
150
149
133
127
151
146
148
152
144
153
152
148
150
154
149
127
155
151
156
154
150
157
147
145
157
158
147
153
159
152
160
159
153
127
161
155
156
162
154
163
159
160
164
162
156
163
165
159
166
161
127
167
165
163
166
168
161
164
169
162
170
168
166
171
158
157
172
168
170
173
165
167
164
174
169
175
168
172
173
176
165
177
178
168
175
177
168
174
177
175
179
178
177
174
180
177
171
181
158
164
180
174
178
176
173
179
176
178
182
180
164
183
176
179
182
184
180
183
185
176
186
185
183
182
187
184
188
187
182
189
185
186
188
190
187
189
191
185
192
193
194
195
193
192
196
181
171
195
197
193
196
198
181
199
197
195
200
198
196
199
201
197
199
202
201
203
198
200
204
202
199
204
203
202
203
205
198
204
205
203
206
205
204
206
207
205
208
209
210
208
210
211
209
212
213
209
213
210
212
214
215
212
215
213
214
216
217
214
217
215
216
218
219
216
219
217
218
220
221
218
221
219
220
222
223
220
223
221
222
224
225
222
225
223
224
226
227
224
227
225
226
228
229
226
229
227
228
230
231
228
231
229
230
232
233
230
233
231
232
234
235
232
235
233
234
236
237
234
237
235
236
238
239
236
239
237
238
240
241
238
241
239
240
242
243
240
243
241
242
244
245
242
245
243
244
246
247
244
247
245
246
248
249
246
249
247
248
250
251
248
251
249
250
252
253
250
253
251
252
254
255
252
255
253
254
256
257
254
257
255
256
258
259
256
259
257
258
260
261
258
261
259
260
262
263
260
263
261
262
264
265
262
265
263
264
266
267
264
267
265
266
268
269
266
269
267
268
270
271
268
271
269
270
272
273
270
273
271
272
274
275
272
275
273
274
276
277
274
277
275
276
278
279
276
279
277
278
280
281
278
281
279
280
282
283
280
283
281
282
284
285
282
285
283
284
286
287
284
287
285
286
288
289
286
289
287
288
290
291
288
291
289
290
292
293
290
293
291
292
294
295
292
295
293
294
296
297
294
297
295
296
298
299
296
299
297
298
300
301
298
301
299
300
302
303
300
303
301
302
304
305
302
305
303
304
306
307
304
307
305
306
308
309
306
309
307
308
310
311
308
311
309
310
312
313
310
313
311
312
314
315
312
315
313
314
316
317
314
317
315
316
318
319
316
319
317
318
320
321
318
321
319
320
322
323
320
323
321
322
324
325
322
325
323
324
326
327
324
327
325
326
328
329
326
329
327
328
330
331
328
331
329
330
332
333
330
333
331
332
334
335
332
335
333
334
336
337
334
337
335
336
338
339
336
339
337
338
340
341
338
341
339
340
342
343
340
343
341
342
344
345
342
345
343
344
346
347
344
347
345
346
348
349
346
349
347
348
350
351
348
351
349
350
352
353
350
353
351
352
354
355
352
355
353
354
356
357
354
357
355
356
358
359
356
359
357
358
360
361
358
361
359
360
362
363
360
363
361
362
364
365
362
365
363
364
366
367
364
367
365
366
368
369
366
369
367
368
370
371
368
371
369
370
372
373
370
373
371
372
374
375
372
375
373
374
208
211
374
211
375
376
377
378
376
378
379
377
380
381
377
381
378
380
382
383
380
383
381
382
384
385
382
385
383
384
386
387
384
387
385
386
388
389
386
389
387
388
390
391
388
391
389
390
392
393
390
393
391
392
394
395
392
395
393
394
396
397
394
397
395
396
398
399
396
399
397
398
400
401
398
401
399
400
402
403
400
403
401
402
404
405
402
405
403
404
406
407
404
407
405
406
408
409
406
409
407
408
410
411
408
411
409
410
412
413
410
413
411
412
414
415
412
415
413
414
376
379
414
379
415
