416
0.509820
1.011021
0.014500
0.977138
1.030359
0.014500
0.778650
1.057050
0.014500
1.144723
0.954877
0.014500
0.311634
0.889964
0.014500
0.772850
0.954100
0.014500
0.937547
0.932141
0.014500
1.273819
0.837497
0.014500
0.581334
0.924300
0.014500
1.077397
0.870302
0.014500
0.419050
0.840281
0.014500
0.177828
0.719420
0.014500
1.185648
0.774636
0.014500
0.293654
0.710117
0.014500
1.356840
0.685108
0.014500
1.255549
0.651201
0.014500
0.606726
0.742168
0.014500
0.767004
0.761552
0.014500
0.716300
0.767050
0.014500
0.814297
0.745335
0.014500
0.929450
0.636550
0.014500
1.081700
0.746750
0.014500
0.954100
0.746750
0.014500
0.962800
0.200100
0.014500
0.857553
0.718817
0.014500
0.506479
0.674482
0.014500
0.102138
0.524935
0.014500
0.896146
0.682416
0.014500
0.212802
0.541882
0.014500
1.386200
0.504600
0.014500
0.725000
0.664100
0.014500
0.424189
0.574432
0.014500
0.651630
0.644554
0.014500
0.780460
0.654797
0.014500
0.825897
0.627954
0.014500
1.280350
0.506050
0.014500
0.584872
0.591252
0.014500
0.859989
0.585174
0.014500
0.881414
0.528055
0.014500
0.530294
0.512198
0.014500
0.368486
0.452458
0.014500
0.184150
0.343650
0.014500
0.888850
0.458200
0.014500
0.078300
0.332050
0.014500
0.493464
0.415396
0.014500
1.257718
0.364402
0.014500
1.362907
0.352710
0.014500
0.874721
0.352768
0.014500
0.348000
0.319000
0.014500
0.479950
0.308850
0.014500
1.201609
0.254353
0.014500
0.836372
0.256105
0.014500
1.299386
0.214461
0.014500
0.210621
0.155138
0.014500
0.110061
0.113842
0.014500
0.360656
0.214403
0.014500
0.487328
0.240108
0.014500
0.779856
0.176633
0.014500
1.129701
0.175833
0.014500
0.508347
0.183129
0.014500
1.205171
0.101407
0.014500
0.396349
0.126022
0.014500
0.958995
0.171007
0.014500
0.541337
0.139931
0.014500
0.711231
0.122774
0.014500
1.059672
0.128772
0.014500
0.961594
0.146926
0.014500
0.288040
0.003793
0.014500
0.970734
0.128690
0.014500
0.584628
0.112532
0.014500
1.009200
0.113100
0.014500
0.986557
0.117137
0.014500
0.451669
0.057896
0.014500
0.636550
0.102950
0.014500
0.822150
0.116000
0.014500
0.782153
0.075388
0.014500
0.827869
0.073010
0.014500
0.202234
-0.063023
0.014500
1.089797
0.025102
0.014500
0.739512
0.042711
0.014500
0.844932
0.039695
0.014500
0.523206
0.014059
0.014500
0.695408
0.018595
0.014500
0.873202
0.015985
0.014500
0.962800
-0.002900
0.014500
0.651027
0.003666
0.014500
0.912537
0.001810
0.014500
0.607550
-0.001450
0.014500
1.230772
-0.055889
0.014500
1.422450
0.013050
0.014500
1.291950
0.013050
0.014500
1.336970
-0.099598
0.014500
0.413412
-0.107671
0.014500
1.150175
-0.114596
0.014500
0.350158
-0.194439
0.014500
1.231723
-0.188303
0.014500
0.583747
-0.176540
0.014500
1.050577
-0.160150
0.014500
0.932397
-0.189625
0.014500
0.796050
-0.200100
0.014500
1.106431
-0.252439
0.014500
0.549167
-0.276301
0.014500
0.960817
-0.291380
0.014500
0.794600
-0.304500
0.014500
0.977138
1.030359
-0.014500
0.509820
1.011021
-0.014500
0.778650
1.057050
-0.014500
1.144723
0.954877
-0.014500
0.772850
0.954100
-0.014500
0.311634
0.889964
-0.014500
0.937547
0.932141
-0.014500
1.273819
0.837497
-0.014500
0.581334
0.924300
-0.014500
1.077397
0.870302
-0.014500
0.419050
0.840281
-0.014500
0.177828
0.719420
-0.014500
1.185648
0.774636
-0.014500
0.293654
0.710117
-0.014500
1.356840
0.685108
-0.014500
1.255549
0.651201
-0.014500
0.767004
0.761552
-0.014500
0.606726
0.742168
-0.014500
0.716300
0.767050
-0.014500
0.814297
0.745335
-0.014500
1.081700
0.746750
-0.014500
0.929450
0.636550
-0.014500
0.954100
0.746750
-0.014500
0.962800
0.200100
-0.014500
0.857553
0.718817
-0.014500
0.506479
0.674482
-0.014500
0.102138
0.524935
-0.014500
0.896146
0.682416
-0.014500
0.212802
0.541882
-0.014500
1.386200
0.504600
-0.014500
0.725000
0.664100
-0.014500
0.651630
0.644554
-0.014500
0.424189
0.574432
-0.014500
0.780460
0.654797
-0.014500
0.825897
0.627954
-0.014500
1.280350
0.506050
-0.014500
0.584872
0.591252
-0.014500
0.859989
0.585174
-0.014500
0.881414
0.528055
-0.014500
0.530294
0.512198
-0.014500
0.368486
0.452458
-0.014500
0.184150
0.343650
-0.014500
0.888850
0.458200
-0.014500
0.078300
0.332050
-0.014500
0.493464
0.415396
-0.014500
1.257718
0.364402
-0.014500
1.362907
0.352710
-0.014500
0.874721
0.352768
-0.014500
0.348000
0.319000
-0.014500
0.479950
0.308850
-0.014500
1.201609
0.254353
-0.014500
0.836372
0.256105
-0.014500
1.299386
0.214461
-0.014500
0.210621
0.155138
-0.014500
0.110061
0.113842
-0.014500
0.360656
0.214403
-0.014500
0.487328
0.240108
-0.014500
0.779856
0.176633
-0.014500
1.129701
0.175833
-0.014500
0.508347
0.183129
-0.014500
1.205171
0.101407
-0.014500
0.396349
0.126022
-0.014500
0.958995
0.171007
-0.014500
0.541337
0.139931
-0.014500
0.711231
0.122774
-0.014500
1.059672
0.128772
-0.014500
0.961594
0.146926
-0.014500
0.288040
0.003793
-0.014500
0.970734
0.128690
-0.014500
0.584628
0.112532
-0.014500
1.009200
0.113100
-0.014500
0.986557
0.117137
-0.014500
0.451669
0.057896
-0.014500
0.822150
0.116000
-0.014500
0.636550
0.102950
-0.014500
0.782153
0.075388
-0.014500
0.827869
0.073010
-0.014500
0.202234
-0.063023
-0.014500
1.089797
0.025102
-0.014500
0.739512
0.042711
-0.014500
0.844932
0.039695
-0.014500
0.523206
0.014059
-0.014500
0.695408
0.018595
-0.014500
0.873202
0.015985
-0.014500
0.962800
-0.002900
-0.014500
0.651027
0.003666
-0.014500
0.912537
0.001810
-0.014500
0.607550
-0.001450
-0.014500
1.422450
0.013050
-0.014500
1.230772
-0.055889
-0.014500
1.291950
0.013050
-0.014500
1.336970
-0.099598
-0.014500
0.413412
-0.107671
-0.014500
1.150175
-0.114596
-0.014500
0.350158
-0.194439
-0.014500
1.231723
-0.188303
-0.014500
0.583747
-0.176540
-0.014500
1.050577
-0.160150
-0.014500
0.932397
-0.189625
-0.014500
0.796050
-0.200100
-0.014500
1.106431
-0.252439
-0.014500
0.549167
-0.276301
-0.014500
0.960817
-0.291380
-0.014500
0.794600
-0.304500
-0.014500
1.336970
-0.099598
0.014500
1.231723
-0.188303
0.014500
1.231723
-0.188303
-0.014500
1.336970
-0.099598
-0.014500
1.106431
-0.252439
0.014500
1.106431
-0.252439
-0.014500
0.960817
-0.291380
0.014500
0.960817
-0.291380
-0.014500
0.794600
-0.304500
0.014500
0.794600
-0.304500
-0.014500
0.549167
-0.276301
0.014500
0.549167
-0.276301
-0.014500
0.350158
-0.194439
0.014500
0.350158
-0.194439
-0.014500
0.202234
-0.063023
0.014500
0.202234
-0.063023
-0.014500
0.110061
0.113842
0.014500
0.110061
0.113842
-0.014500
0.078300
0.332050
0.014500
0.078300
0.332050
-0.014500
0.102138
0.524935
0.014500
0.102138
0.524935
-0.014500
0.177828
0.719420
0.014500
0.177828
0.719420
-0.014500
0.311634
0.889964
0.014500
0.311634
0.889964
-0.014500
0.509820
1.011021
0.014500
0.509820
1.011021
-0.014500
0.778650
1.057050
0.014500
0.778650
1.057050
-0.014500
0.977138
1.030359
0.014500
0.977138
1.030359
-0.014500
1.144723
0.954877
0.014500
1.144723
0.954877
-0.014500
1.273819
0.837497
0.014500
1.273819
0.837497
-0.014500
1.356840
0.685108
0.014500
1.356840
0.685108
-0.014500
1.386200
0.504600
0.014500
1.386200
0.504600
-0.014500
1.362907
0.352710
0.014500
1.362907
0.352710
-0.014500
1.299386
0.214461
0.014500
1.299386
0.214461
-0.014500
1.205171
0.101407
0.014500
1.205171
0.101407
-0.014500
1.089797
0.025102
0.014500
1.089797
0.025102
-0.014500
0.962800
-0.002900
0.014500
0.962800
-0.002900
-0.014500
0.912537
0.001810
0.014500
0.912537
0.001810
-0.014500
0.873202
0.015985
0.014500
0.873202
0.015985
-0.014500
0.844932
0.039695
0.014500
0.844932
0.039695
-0.014500
0.827869
0.073010
0.014500
0.827869
0.073010
-0.014500
0.822150
0.116000
0.014500
0.822150
0.116000
-0.014500
0.782153
0.075388
0.014500
0.782153
0.075388
-0.014500
0.739512
0.042711
0.014500
0.739512
0.042711
-0.014500
0.695408
0.018595
0.014500
0.695408
0.018595
-0.014500
0.651027
0.003666
0.014500
0.651027
0.003666
-0.014500
0.607550
-0.001450
0.014500
0.607550
-0.001450
-0.014500
0.523206
0.014059
0.014500
0.523206
0.014059
-0.014500
0.451669
0.057896
0.014500
0.451669
0.057896
-0.014500
0.396349
0.126022
0.014500
0.396349
0.126022
-0.014500
0.360656
0.214403
0.014500
0.360656
0.214403
-0.014500
0.348000
0.319000
0.014500
0.348000
0.319000
-0.014500
0.368486
0.452458
0.014500
0.368486
0.452458
-0.014500
0.424189
0.574432
0.014500
0.424189
0.574432
-0.014500
0.506479
0.674482
0.014500
0.506479
0.674482
-0.014500
0.606726
0.742168
0.014500
0.606726
0.742168
-0.014500
0.716300
0.767050
0.014500
0.716300
0.767050
-0.014500
0.767004
0.761552
0.014500
0.767004
0.761552
-0.014500
0.814297
0.745335
0.014500
0.814297
0.745335
-0.014500
0.857553
0.718817
0.014500
0.857553
0.718817
-0.014500
0.896146
0.682416
0.014500
0.896146
0.682416
-0.014500
0.929450
0.636550
0.014500
0.929450
0.636550
-0.014500
0.954100
0.746750
0.014500
0.954100
0.746750
-0.014500
1.081700
0.746750
0.014500
1.081700
0.746750
-0.014500
0.962800
0.200100
0.014500
0.962800
0.200100
-0.014500
0.958995
0.171007
0.014500
0.958995
0.171007
-0.014500
0.961594
0.146926
0.014500
0.961594
0.146926
-0.014500
0.970734
0.128690
0.014500
0.970734
0.128690
-0.014500
0.986557
0.117137
0.014500
0.986557
0.117137
-0.014500
1.009200
0.113100
0.014500
1.009200
0.113100
-0.014500
1.059672
0.128772
0.014500
1.059672
0.128772
-0.014500
1.129701
0.175833
0.014500
1.129701
0.175833
-0.014500
1.201609
0.254353
0.014500
1.201609
0.254353
-0.014500
1.257718
0.364402
0.014500
1.257718
0.364402
-0.014500
1.280350
0.506050
0.014500
1.280350
0.506050
-0.014500
1.255549
0.651201
0.014500
1.255549
0.651201
-0.014500
1.185648
0.774636
0.014500
1.185648
0.774636
-0.014500
1.077397
0.870302
0.014500
1.077397
0.870302
-0.014500
0.937547
0.932141
0.014500
0.937547
0.932141
-0.014500
0.772850
0.954100
0.014500
0.772850
0.954100
-0.014500
0.581334
0.924300
0.014500
0.581334
0.924300
-0.014500
0.419050
0.840281
0.014500
0.419050
0.840281
-0.014500
0.293654
0.710117
0.014500
0.293654
0.710117
-0.014500
0.212802
0.541882
0.014500
0.212802
0.541882
-0.014500
0.184150
0.343650
0.014500
0.184150
0.343650
-0.014500
0.210621
0.155138
0.014500
0.210621
0.155138
-0.014500
0.288040
0.003793
0.014500
0.288040
0.003793
-0.014500
0.413412
-0.107671
0.014500
0.413412
-0.107671
-0.014500
0.583747
-0.176540
0.014500
0.583747
-0.176540
-0.014500
0.796050
-0.200100
0.014500
0.796050
-0.200100
-0.014500
0.932397
-0.189625
0.014500
0.932397
-0.189625
-0.014500
1.050577
-0.160150
0.014500
1.050577
-0.160150
-0.014500
1.150175
-0.114596
0.014500
1.150175
-0.114596
-0.014500
1.230772
-0.055889
0.014500
1.230772
-0.055889
-0.014500
1.291950
0.013050
0.014500
1.291950
0.013050
-0.014500
1.422450
0.013050
0.014500
1.422450
0.013050
-0.014500
0.711231
0.122774
0.014500
0.779856
0.176633
0.014500
0.779856
0.176633
-0.014500
0.711231
0.122774
-0.014500
0.836372
0.256105
0.014500
0.836372
0.256105
-0.014500
0.874721
0.352768
0.014500
0.874721
0.352768
-0.014500
0.888850
0.458200
0.014500
0.888850
0.458200
-0.014500
0.881414
0.528055
0.014500
0.881414
0.528055
-0.014500
0.859989
0.585174
0.014500
0.859989
0.585174
-0.014500
0.825897
0.627954
0.014500
0.825897
0.627954
-0.014500
0.780460
0.654797
0.014500
0.780460
0.654797
-0.014500
0.725000
0.664100
0.014500
0.725000
0.664100
-0.014500
0.651630
0.644554
0.014500
0.651630
0.644554
-0.014500
0.584872
0.591252
0.014500
0.584872
0.591252
-0.014500
0.530294
0.512198
0.014500
0.530294
0.512198
-0.014500
0.493464
0.415396
0.014500
0.493464
0.415396
-0.014500
0.479950
0.308850
0.014500
0.479950
0.308850
-0.014500
0.487328
0.240108
0.014500
0.487328
0.240108
-0.014500
0.508347
0.183129
0.014500
0.508347
0.183129
-0.014500
0.541337
0.139931
0.014500
0.541337
0.139931
-0.014500
0.584628
0.112532
0.014500
0.584628
0.112532
-0.014500
0.636550
0.102950
0.014500
0.636550
0.102950
-0.014500
