204
0.033350
0.945400
0.014500
0.089900
1.055600
0.014500
0.033350
1.055600
0.014500
0.170891
1.044905
0.014500
0.229402
1.013191
0.014500
0.268006
0.961014
0.014500
0.055100
0.945400
0.014500
0.106743
0.941723
0.014500
0.289281
0.888931
0.014500
0.141822
0.928510
0.014500
0.163258
0.902492
0.014500
0.173977
0.860395
0.014500
0.295800
0.797500
0.014500
0.176900
0.798950
0.014500
0.176900
0.694550
0.014500
0.295800
0.669900
0.014500
0.181842
0.590660
0.014500
0.299616
0.588526
0.014500
0.197641
0.511061
0.014500
0.313107
0.522812
0.014500
0.339335
0.474150
0.014500
0.225759
0.451507
0.014500
0.381362
0.443932
0.014500
0.267658
0.407752
0.014500
0.442250
0.433550
0.014500
0.442250
0.317550
0.014500
0.324800
0.375550
0.014500
0.267658
0.343348
0.014500
0.225759
0.299593
0.014500
0.381362
0.307168
0.014500
0.339335
0.276950
0.014500
0.197641
0.240039
0.014500
0.313107
0.228288
0.014500
0.181842
0.160440
0.014500
0.299616
0.162574
0.014500
0.295800
0.081200
0.014500
0.176900
0.056550
0.014500
0.295800
-0.046400
0.014500
0.176900
-0.047850
0.014500
0.289281
-0.137831
0.014500
0.173977
-0.109295
0.014500
0.163258
-0.151392
0.014500
0.268006
-0.209914
0.014500
0.141822
-0.177410
0.014500
0.106743
-0.190623
0.014500
0.055100
-0.194300
0.014500
0.033350
-0.304500
0.014500
0.033350
-0.194300
0.014500
0.229402
-0.262090
0.014500
0.170891
-0.293805
0.014500
0.089900
-0.304500
0.014500
0.089900
1.055600
-0.014500
0.033350
0.945400
-0.014500
0.033350
1.055600
-0.014500
0.170891
1.044905
-0.014500
0.229402
1.013191
-0.014500
0.268006
0.961014
-0.014500
0.055100
0.945400
-0.014500
0.106743
0.941723
-0.014500
0.289281
0.888931
-0.014500
0.141822
0.928510
-0.014500
0.163258
0.902492
-0.014500
0.173977
0.860395
-0.014500
0.295800
0.797500
-0.014500
0.176900
0.798950
-0.014500
0.176900
0.694550
-0.014500
0.295800
0.669900
-0.014500
0.181842
0.590660
-0.014500
0.299616
0.588526
-0.014500
0.197641
0.511061
-0.014500
0.313107
0.522812
-0.014500
0.339335
0.474150
-0.014500
0.225759
0.451507
-0.014500
0.381362
0.443932
-0.014500
0.267658
0.407752
-0.014500
0.442250
0.433550
-0.014500
0.442250
0.317550
-0.014500
0.324800
0.375550
-0.014500
0.267658
0.343348
-0.014500
0.225759
0.299593
-0.014500
0.381362
0.307168
-0.014500
0.339335
0.276950
-0.014500
0.197641
0.240039
-0.014500
0.313107
0.228288
-0.014500
0.181842
0.160440
-0.014500
0.299616
0.162574
-0.014500
0.295800
0.081200
-0.014500
0.176900
0.056550
-0.014500
0.295800
-0.046400
-0.014500
0.176900
-0.047850
-0.014500
0.289281
-0.137831
-0.014500
0.173977
-0.109295
-0.014500
0.163258
-0.151392
-0.014500
0.268006
-0.209914
-0.014500
0.141822
-0.177410
-0.014500
0.106743
-0.190623
-0.014500
0.055100
-0.194300
-0.014500
0.033350
-0.304500
-0.014500
0.033350
-0.194300
-0.014500
0.229402
-0.262090
-0.014500
0.170891
-0.293805
-0.014500
0.089900
-0.304500
-0.014500
0.381362
0.307168
0.014500
0.339335
0.276950
0.014500
0.339335
0.276950
-0.014500
0.381362
0.307168
-0.014500
0.313107
0.228288
0.014500
0.313107
0.228288
-0.014500
0.299616
0.162574
0.014500
0.299616
0.162574
-0.014500
0.295800
0.081200
0.014500
0.295800
0.081200
-0.014500
0.295800
-0.046400
0.014500
0.295800
-0.046400
-0.014500
0.289281
-0.137831
0.014500
0.289281
-0.137831
-0.014500
0.268006
-0.209914
0.014500
0.268006
-0.209914
-0.014500
0.229402
-0.262090
0.014500
0.229402
-0.262090
-0.014500
0.170891
-0.293805
0.014500
0.170891
-0.293805
-0.014500
0.089900
-0.304500
0.014500
0.089900
-0.304500
-0.014500
0.033350
-0.304500
0.014500
0.033350
-0.304500
-0.014500
0.033350
-0.194300
0.014500
0.033350
-0.194300
-0.014500
0.055100
-0.194300
0.014500
0.055100
-0.194300
-0.014500
0.106743
-0.190623
0.014500
0.106743
-0.190623
-0.014500
0.141822
-0.177410
0.014500
0.141822
-0.177410
-0.014500
0.163258
-0.151392
0.014500
0.163258
-0.151392
-0.014500
0.173977
-0.109295
0.014500
0.173977
-0.109295
-0.014500
0.176900
-0.047850
0.014500
0.176900
-0.047850
-0.014500
0.176900
0.056550
0.014500
0.176900
0.056550
-0.014500
0.181842
0.160440
0.014500
0.181842
0.160440
-0.014500
0.197641
0.240039
0.014500
0.197641
0.240039
-0.014500
0.225759
0.299593
0.014500
0.225759
0.299593
-0.014500
0.267658
0.343348
0.014500
0.267658
0.343348
-0.014500
0.324800
0.375550
0.014500
0.324800
0.375550
-0.014500
0.267658
0.407752
0.014500
0.267658
0.407752
-0.014500
0.225759
0.451507
0.014500
0.225759
0.451507
-0.014500
0.197641
0.511061
0.014500
0.197641
0.511061
-0.014500
0.181842
0.590660
0.014500
0.181842
0.590660
-0.014500
0.176900
0.694550
0.014500
0.176900
0.694550
-0.014500
0.176900
0.798950
0.014500
0.176900
0.798950
-0.014500
0.173977
0.860395
0.014500
0.173977
0.860395
-0.014500
0.163258
0.902492
0.014500
0.163258
0.902492
-0.014500
0.141822
0.928510
0.014500
0.141822
0.928510
-0.014500
0.106743
0.941723
0.014500
0.106743
0.941723
-0.014500
0.055100
0.945400
0.014500
0.055100
0.945400
-0.014500
0.033350
0.945400
0.014500
0.033350
0.945400
-0.014500
0.033350
1.055600
0.014500
0.033350
1.055600
-0.014500
0.089900
1.055600
0.014500
0.089900
1.055600
-0.014500
0.170891
1.044905
0.014500
0.170891
1.044905
-0.014500
0.229402
1.013191
0.014500
0.229402
1.013191
-0.014500
0.268006
0.961014
0.014500
0.268006
0.961014
-0.014500
0.289281
0.888931
0.014500
0.289281
0.888931
-0.014500
0.295800
0.797500
0.014500
0.295800
0.797500
-0.014500
0.295800
0.669900
0.014500
0.295800
0.669900
-0.014500
0.299616
0.588526
0.014500
0.299616
0.588526
-0.014500
0.313107
0.522812
0.014500
0.313107
0.522812
-0.014500
0.339335
0.474150
0.014500
0.339335
0.474150
-0.014500
0.381362
0.443932
0.014500
0.381362
0.443932
-0.014500
0.442250
0.433550
0.014500
0.442250
0.433550
-0.014500
0.442250
0.317550
0.014500
0.442250
0.317550
-0.014500
