3
88
0
1
2
3
1
0
3
4
1
5
4
3
5
6
4
7
6
5
7
8
6
9
8
7
9
10
8
11
10
9
11
12
10
13
12
11
13
14
12
15
14
13
15
16
14
17
16
15
17
18
16
19
18
17
20
21
22
20
23
21
24
25
26
24
27
25
28
27
24
28
29
27
30
29
28
30
31
29
32
31
30
32
33
31
34
33
32
34
35
33
36
35
34
36
37
35
38
37
36
38
39
37
40
39
38
40
41
39
42
41
40
42
43
41
44
45
46
47
45
44
48
49
50
48
50
51
49
52
53
49
53
50
52
54
55
52
55
53
54
48
51
54
51
55
56
57
58
56
58
59
57
60
61
57
61
58
60
62
63
60
63
61
62
64
65
62
65
63
64
66
67
64
67
65
66
68
69
66
69
67
68
70
71
68
71
69
70
72
73
70
73
71
72
74
75
72
75
73
74
76
77
74
77
75
76
78
79
76
79
77
78
80
81
78
81
79
80
82
83
80
83
81
82
84
85
82
85
83
84
86
87
84
87
85
86
88
89
86
89
87
88
90
91
88
91
89
90
92
93
90
93
91
92
94
95
92
95
93
94
56
59
94
59
95
