96
0.135360
0.921144
0.014500
0.183640
0.921144
0.014500
0.159500
0.925100
0.014500
0.114283
0.910159
0.014500
0.204717
0.910159
0.014500
0.097591
0.893467
0.014500
0.221409
0.893467
0.014500
0.086606
0.872390
0.014500
0.232394
0.872390
0.014500
0.082650
0.848250
0.014500
0.236350
0.848250
0.014500
0.086606
0.824111
0.014500
0.232394
0.824110
0.014500
0.097591
0.803033
0.014500
0.221409
0.803033
0.014500
0.114283
0.786341
0.014500
0.204717
0.786341
0.014500
0.135360
0.775356
0.014500
0.183640
0.775356
0.014500
0.159500
0.771400
0.014500
0.094250
0.000000
0.014500
0.223300
0.651050
0.014500
0.094250
0.651050
0.014500
0.223300
0.000000
0.014500
0.183640
0.921144
-0.014500
0.135360
0.921144
-0.014500
0.159500
0.925100
-0.014500
0.114283
0.910159
-0.014500
0.204717
0.910159
-0.014500
0.097591
0.893467
-0.014500
0.221409
0.893467
-0.014500
0.086606
0.872390
-0.014500
0.232394
0.872390
-0.014500
0.082650
0.848250
-0.014500
0.236350
0.848250
-0.014500
0.086606
0.824111
-0.014500
0.232394
0.824110
-0.014500
0.097591
0.803033
-0.014500
0.221409
0.803033
-0.014500
0.114283
0.786341
-0.014500
0.204717
0.786341
-0.014500
0.135360
0.775356
-0.014500
0.183640
0.775356
-0.014500
0.159500
0.771400
-0.014500
0.223300
0.651050
-0.014500
0.094250
0.000000
-0.014500
0.094250
0.651050
-0.014500
0.223300
0.000000
-0.014500
0.094250
0.000000
0.014500
0.094250
0.651050
0.014500
0.094250
0.651050
-0.014500
0.094250
0.000000
-0.014500
0.223300
0.651050
0.014500
0.223300
0.651050
-0.014500
0.223300
0.000000
0.014500
0.223300
0.000000
-0.014500
0.135360
0.775356
0.014500
0.114283
0.786341
0.014500
0.114283
0.786341
-0.014500
0.135360
0.775356
-0.014500
0.097591
0.803033
0.014500
0.097591
0.803033
-0.014500
0.086606
0.824111
0.014500
0.086606
0.824111
-0.014500
0.082650
0.848250
0.014500
0.082650
0.848250
-0.014500
0.086606
0.872390
0.014500
0.086606
0.872390
-0.014500
0.097591
0.893467
0.014500
0.097591
0.893467
-0.014500
0.114283
0.910159
0.014500
0.114283
0.910159
-0.014500
0.135360
0.921144
0.014500
0.135360
0.921144
-0.014500
0.159500
0.925100
0.014500
0.159500
0.925100
-0.014500
0.183640
0.921144
0.014500
0.183640
0.921144
-0.014500
0.204717
0.910159
0.014500
0.204717
0.910159
-0.014500
0.221409
0.893467
0.014500
0.221409
0.893467
-0.014500
0.232394
0.872390
0.014500
0.232394
0.872390
-0.014500
0.236350
0.848250
0.014500
0.236350
0.848250
-0.014500
0.232394
0.824110
0.014500
0.232394
0.824110
-0.014500
0.221409
0.803033
0.014500
0.221409
0.803033
-0.014500
0.204717
0.786341
0.014500
0.204717
0.786341
-0.014500
0.183640
0.775356
0.014500
0.183640
0.775356
-0.014500
0.159500
0.771400
0.014500
0.159500
0.771400
-0.014500
